-3.576666666666666970e+03
-3.488866666666666333e+03
3.329622222222222626e+04
-6.640888888888889596e+03
2.880000000000000000e+02
-4.404777777777778283e+03
-4.994083333333333940e+03
1.355555555555555429e+02
-4.382444444444445253e+03
-4.569500000000000000e+03
-2.251333333333333030e+03
1.207444444444444571e+03
-6.001600000000000364e+03
-3.499000000000000000e+03
-3.815733333333333576e+03
-4.459944444444444343e+03
-1.514066666666666606e+03
-3.265111111111111313e+03
-2.301916666666666515e+03
-1.604000000000000000e+03
-6.376000000000000000e+03
-2.418583333333333485e+03
-1.683466666666667152e+03
-3.909266666666666424e+03
-3.734933333333332939e+03
3.554800000000000000e+04
-3.674666666666666515e+03
-4.600111111111110404e+03
2.001111111111110858e+02
3.350955555555555475e+04
-3.546333333333333030e+03
2.271893333333333067e+04
-1.843333333333333485e+03
-2.439333333333333485e+03
-3.901000000000000000e+03
-3.454733333333332666e+03
-2.231666666666666515e+03
-2.272166666666666515e+03
-3.659333333333333485e+03
-5.949000000000000000e+03
-3.755866666666667243e+03
-2.280666666666666970e+03
-3.513333333333333485e+03
-4.814000000000000000e+03
-3.540066666666667061e+03
1.195400000000000091e+03
-4.591000000000000000e+03
-4.927333333333333940e+03
-2.350000000000000000e+03
-4.316166666666666970e+03
1.075555555555555571e+02
-1.757133333333333667e+03
-2.323333333333333485e+03
-4.756333333333333030e+03
-3.639800000000000182e+03
-4.929250000000000000e+03
1.892500000000000000e+02
1.496666666666666856e+02
-4.190944444444444343e+03
2.679641666666666788e+04
-3.553066666666666606e+03
-1.547999999999999773e+03
-1.511466666666666697e+03
-4.746111111111111313e+03
-2.316166666666666515e+03
-4.913166666666666060e+03
2.691558333333333212e+04
2.296350000000000000e+04
-6.333388888888887777e+03
7.266666666666667140e+01
-1.520666666666666742e+03
-5.923800000000000182e+03
-2.298833333333333485e+03
-3.837599999999999909e+03
-4.794833333333333030e+03
-1.634600000000000136e+03
-6.049466666666666242e+03
-2.271833333333333030e+03
-1.598400000000000091e+03
-5.879199999999999818e+03
-3.251333333333333485e+03
-3.680199999999999818e+03
-2.428750000000000000e+03
1.841493333333333067e+04
-5.883133333333333212e+03
-3.616199999999999818e+03
-3.846800000000000182e+03
-4.518444444444444343e+03
-4.940750000000000000e+03
-5.406866666666665878e+03
-4.934000000000000000e+03
3.364133333333333576e+04
3.384166666666666856e+02
1.313533333333333530e+03
-1.625599999999999909e+03
-4.968583333333333940e+03
-4.585222222222221717e+03
-4.950750000000000000e+03
-3.331333333333333485e+03
-1.175266666666666879e+03
2.229166666666666856e+02
-3.750266666666666424e+03
-3.587866666666667243e+03
2.002846666666666715e+04
-4.468444444444444343e+03
-2.461833333333333485e+03
1.037000000000000000e+03
-2.510666666666666970e+03
-1.421599999999999909e+03
-4.582444444444445253e+03
3.033333333333333925e+01
3.268666666666667879e+02
2.529450000000000000e+04
-4.879250000000000000e+03
-3.648133333333333667e+03
-5.670533333333334667e+03
-6.698777777777778283e+03
-3.771266666666666424e+03
-3.238666666666666515e+03
2.885000000000000000e+02
-3.795400000000000091e+03
-5.800666666666666970e+03
-4.904416666666666970e+03
-5.872666666666666970e+03
1.087777777777777715e+02
-4.666500000000000000e+03
1.471111111111111143e+02
-3.274777777777777828e+03
-3.492800000000000182e+03
-3.654333333333333485e+03
-4.584055555555554747e+03
1.642400000000000318e+03
-2.314000000000000000e+03
-2.250833333333333485e+03
-2.375916666666666515e+03
-1.678733333333333121e+03
-1.318666666666666742e+03
-6.325722222222222626e+03
-3.243555555555556111e+03
-4.911166666666666060e+03
1.265250000000000000e+03
1.638416666666666515e+03
4.738333333333333144e+02
-4.353111111111112223e+03
-4.646833333333333030e+03
1.143333333333333286e+02
-3.388133333333332757e+03
-5.966399999999999636e+03
-1.682333333333333485e+03
-2.349166666666666515e+03
-4.965999999999999091e+03
-3.702466666666667152e+03
-2.212666666666666970e+03
-4.864416666666666060e+03
2.593391666666666788e+04
-4.491777777777777374e+03
-8.177777777777778283e+03
-6.676238095238094502e+03
1.347777777777777999e+02
-3.379333333333333485e+03
-3.746800000000000637e+03
-6.658000000000000000e+03
-1.623266666666666652e+03
-6.026000000000000000e+03
-3.815199999999999818e+03
-4.948416666666666970e+03
1.695293333333333430e+04
1.515555555555555429e+02
-3.442066666666667061e+03
-6.522944444444444343e+03
-4.911166666666666060e+03
-3.759933333333332939e+03
-5.874600000000000364e+03
-4.950583333333333940e+03
-2.320833333333333030e+03
-3.391400000000000091e+03
1.359166666666666856e+02
4.410000000000000000e+02
-6.037444444444445253e+03
-5.834800000000000182e+03
-2.209750000000000000e+03
-2.231416666666666515e+03
-4.965000000000000000e+03
-3.855933333333332939e+03
-3.934266666666667334e+03
-2.216250000000000000e+03
-8.080533333333332848e+03
2.558250000000000000e+03
-4.314833333333333030e+03
-6.158166666666666970e+03
-2.376333333333333485e+03
-3.765199999999999818e+03
-3.345111111111111313e+03
3.350955555555555475e+04
-5.655533333333332848e+03
-3.683333333333333485e+03
-8.408222222222220807e+03
-3.896400000000000091e+03
-4.830416666666666060e+03
-4.437444444444444343e+03
-3.912333333333333485e+03
-3.424333333333333030e+03
-1.386500000000000227e+03
-8.293444444444443434e+03
-5.986600000000000364e+03
-2.126750000000000000e+03
-2.291666666666666970e+03
-5.746733333333332666e+03
-3.248222222222222172e+03
-4.564666666666666970e+03
-3.336777777777777828e+03
-3.486000000000000000e+03
-6.242761904761903679e+03
-4.590611111111111313e+03
-7.931133333333333212e+03
-3.195888888888888687e+03
-2.382083333333333485e+03
-6.388500000000000000e+03
1.928888888888888857e+02
-6.158166666666666970e+03
-4.954333333333333940e+03
-4.253944444444444343e+03
2.061273333333333358e+04
2.386341666666666788e+04
-5.940933333333333394e+03
-5.931199999999999818e+03
-5.019500000000000000e+03
-3.507533333333333758e+03
-4.283444444444444343e+03
-8.140733333333334485e+03
-5.042250000000000909e+03
-2.259083333333333485e+03
-7.564416666666666970e+03
-7.616583333333333940e+03
-6.442666666666666970e+03
-7.412416666666666060e+03
-5.814800000000000182e+03
-2.519083333333333485e+03
-5.012750000000000000e+03
-4.641388888888889596e+03
-5.978399999999999636e+03
-7.975111111111112223e+03
-8.134066666666667516e+03
-3.858000000000000000e+03
-7.520416666666666970e+03
-6.696000000000000000e+03
-1.102466666666666470e+03
-4.784888888888888687e+03
-7.604083333333333940e+03
-3.201111111111111313e+03
-4.881166666666666060e+03
-4.879833333333333940e+03
-4.900666666666666060e+03
3.367100000000000728e+04
-5.477600000000000364e+03
-3.587866666666666333e+03
4.206666666666666288e+02
1.742500000000000000e+02
-5.637199999999999818e+03
-8.123133333333333212e+03
-7.866266666666667334e+03
-3.481333333333333030e+03
-2.138333333333333485e+03
-4.950250000000000000e+03
-7.569583333333333940e+03
-5.845466666666665333e+03
-4.388111111111110404e+03
-4.364722222222221717e+03
-4.755666666666666970e+03
-1.690000000000000000e+03
3.351011111111110949e+04
2.594175000000000000e+04
3.350955555555555475e+04
-6.534444444444444343e+03
-3.341444444444443889e+03
2.692908333333333212e+04
-1.574199999999999818e+03
-4.817083333333333940e+03
-6.087333333333333030e+03
-5.018333333333333940e+03
-3.238666666666666515e+03
-4.947833333333333940e+03
-2.441083333333333485e+03
-3.303444444444444798e+03
-6.577666666666666970e+03
-5.922266666666667334e+03
-3.876199999999999818e+03
-4.968083333333333030e+03
-7.545500000000000000e+03
-5.740000000000000000e+03
-6.091555555555555657e+03
-6.320555555555554747e+03
-6.304888888888889596e+03
-3.765466666666666242e+03
-2.347833333333333485e+03
-1.679066666666666379e+03
-4.987750000000000000e+03
-1.592799999999999955e+03
-6.241444444444444343e+03
-4.597111111111112223e+03
-3.758733333333332666e+03
-4.518833333333333030e+03
-6.248333333333333030e+03
-5.952733333333333576e+03
-3.878733333333332666e+03
-5.886266666666667334e+03
-5.847133333333333212e+03
-5.956066666666667516e+03
-2.210583333333333485e+03
-4.937833333333333940e+03
1.913333333333333144e+02
2.645916666666666515e+03
-6.659000000000000000e+03
-4.514833333333333030e+03
8.377777777777778567e+01
-6.634809523809523853e+03
-4.837583333333333940e+03
-1.375466666666666470e+03
2.317550000000000364e+04
-6.558166666666665151e+03
-5.913000000000000000e+03
3.405788888888889051e+04
1.503333333333333428e+02
-5.851933333333332484e+03
-4.838083333333333030e+03
-5.959200000000000728e+03
-3.805466666666667152e+03
-4.987083333333333940e+03
-2.116916666666666515e+03
-2.386000000000000455e+03
-3.741666666666666970e+03
-7.929133333333334122e+03
-4.512055555555555657e+03
-5.961199999999998909e+03
-4.870916666666666060e+03
-4.671444444444444343e+03
-5.829333333333333030e+03
-5.682466666666667152e+03
-3.265666666666666515e+03
-7.378416666666666060e+03
-5.840600000000000364e+03
-3.830933333333333394e+03
-5.538000000000000000e+03
-7.544500000000000000e+03
-3.449066666666667061e+03
-6.537111111111110404e+03
-3.552066666666667061e+03
-5.591199999999999818e+03
-3.278222222222222172e+03
-6.669444444444445253e+03
-6.552055555555555657e+03
2.861449999999999636e+04
-4.519000000000000000e+03
-5.587133333333333212e+03
3.351977777777778101e+04
-3.568466666666667152e+03
-1.350266666666666652e+03
-6.404333333333333030e+03
-2.307083333333333485e+03
-6.696000000000000000e+03
1.815833333333333144e+02
-7.438833333333333940e+03
-3.423599999999999909e+03
-6.411166666666666970e+03
3.297233333333333576e+04
-5.705399999999999636e+03
-5.819866666666666788e+03
-7.472166666666666060e+03
-8.181555555555555657e+03
-8.462555555555556566e+03
-2.248416666666666515e+03
2.387666666666666424e+04
-3.903733333333332666e+03
-3.728266666666666424e+03
-5.960066666666667516e+03
-4.826777777777778283e+03
-4.738083333333333030e+03
-6.696000000000000000e+03
-3.215333333333333485e+03
-4.937583333333333940e+03
-3.924533333333333758e+03
-4.621666666666666060e+03
-4.923333333333333940e+03
-3.224111111111111313e+03
-5.825399999999999636e+03
-4.598000000000000909e+03
-4.982500000000000000e+03
-6.696000000000000000e+03
-4.979500000000000000e+03
-3.686466666666667152e+03
2.670008333333333212e+04
-7.515250000000000000e+03
-7.504500000000000000e+03
-2.196166666666666515e+03
-3.851000000000000000e+03
-3.631133333333332757e+03
-3.783466666666666242e+03
-7.528666666666666060e+03
-4.778583333333333940e+03
-4.538555555555554747e+03
-3.459266666666666424e+03
-6.042866666666666788e+03
-5.970066666666666606e+03
-8.209055555555554747e+03
-3.631199999999999818e+03
-2.375000000000000000e+03
-5.539533333333332848e+03
2.561075000000000000e+04
-4.868000000000000000e+03
3.558011111111110949e+04
-7.979466666666667152e+03
-5.611266666666667334e+03
-8.117600000000000364e+03
-2.375666666666666515e+03
-4.772583333333333940e+03
-2.224083333333333485e+03
-6.115761904761905498e+03
-3.465800000000000182e+03
-6.645000000000000000e+03
-1.923583333333333258e+03
-4.798333333333333940e+03
-6.395888888888889596e+03
-4.954833333333333940e+03
-4.984500000000000000e+03
-4.827749999999999091e+03
5.797222222222226264e+02
-2.124416666666666515e+03
-4.962250000000000000e+03
-4.552750000000000000e+03
-1.387000000000000000e+03
-7.631466666666667152e+03
3.357122222222222626e+04
-6.665444444444444343e+03
-8.114266666666667334e+03
-5.552933333333332484e+03
-5.011000000000000000e+03
-8.457388888888888687e+03
-1.587333333333333485e+03
-7.769600000000000364e+03
-8.142399999999999636e+03
-6.638888888888887777e+03
-3.958933333333333394e+03
-5.609399999999999636e+03
-3.309111111111111313e+03
-7.937600000000000364e+03
-2.356250000000000000e+03
-7.470666666666666060e+03
-2.222249999999999545e+03
-7.447666666666666060e+03
-6.193833333333333030e+03
-5.829133333333333212e+03
-6.704333333333333030e+03
-4.966500000000000000e+03
-4.947666666666666060e+03
-7.884800000000000182e+03
-6.584833333333333030e+03
-5.914000000000000000e+03
-4.874750000000000909e+03
3.365255555555555475e+04
1.134444444444444429e+02
-5.504066666666665697e+03
-6.299555555555554747e+03
-5.780199999999999818e+03
-3.969266666666667334e+03
-8.153190476190476147e+03
-3.555800000000000182e+03
-4.768083333333333940e+03
-6.510444444444445253e+03
-6.048800000000000182e+03
-5.634600000000000364e+03
-3.682199999999999818e+03
-2.459166666666666970e+03
-5.741600000000000364e+03
-8.320888888888888687e+03
-5.890133333333333212e+03
-8.042866666666666788e+03
-6.534166666666666970e+03
-6.046000000000000909e+03
-8.078666666666667879e+03
-4.450944444444444343e+03
-4.476333333333333030e+03
-6.048466666666667152e+03
-6.468111111111110404e+03
-2.459166666666666970e+03
-7.685399999999999636e+03
-5.926466666666667152e+03
-7.769733333333334485e+03
-6.094133333333334122e+03
3.350677777777778101e+04
-6.316444444444444343e+03
-4.831916666666666970e+03
-5.980600000000000364e+03
-3.697199999999999818e+03
-5.960533333333333758e+03
-4.804833333333333940e+03
-4.872250000000000000e+03
-2.543833333333333030e+03
-4.907666666666666970e+03
-6.267888888888889596e+03
-7.722066666666665697e+03
-4.885750000000000000e+03
-4.986500000000000000e+03
-6.100777777777778283e+03
-4.605611111111111313e+03
-4.380500000000000000e+03
-6.023800000000000182e+03
-5.008333333333333940e+03
-5.664466666666667152e+03
-6.551055555555555657e+03
-8.115333333333333030e+03
-5.636000000000000000e+03
-6.704333333333333030e+03
-3.633333333333333030e+03
1.395555555555555713e+02
-4.456888888888889596e+03
-7.845933333333334303e+03
-5.644933333333334303e+03
-4.625611111111112223e+03
-4.858833333333333030e+03
-6.645944444444445253e+03
-8.082833333333334849e+03
-8.327388888888888687e+03
-6.052066666666667516e+03
-3.540599999999999909e+03
-3.670733333333333576e+03
-4.529444444444444343e+03
-5.475066666666665697e+03
-8.085266666666667334e+03
-5.925800000000000182e+03
-5.017416666666666970e+03
-8.007000000000000000e+03
-6.011266666666667334e+03
-5.015500000000000000e+03
-6.410222222222221717e+03
-6.394888888888889596e+03
-7.516666666666666060e+03
-8.088399999999999636e+03
-3.568599999999999909e+03
-6.305555555555555657e+03
-4.931083333333333940e+03
-4.843750000000000909e+03
-7.508166666666666060e+03
-7.785333333333333940e+03
-4.248111111111110404e+03
-5.844800000000000182e+03
-8.136666666666666970e+03
-5.730266666666667334e+03
-8.340777777777777374e+03
-8.115733333333332666e+03
-7.898833333333333030e+03
-6.390166666666666970e+03
-6.304388888888887777e+03
-7.595750000000000000e+03
-5.793133333333334122e+03
-4.546222222222221717e+03
-7.237916666666666060e+03
-7.514166666666666060e+03
-5.086083333333333030e+03
-5.932866666666666788e+03
-4.940833333333333940e+03
-8.026933333333332484e+03
-4.256000000000000000e+03
-6.293500000000000000e+03
-6.071866666666666788e+03
-7.943399999999999636e+03
-7.970000000000000000e+03
-2.182166666666666515e+03
-7.667933333333334303e+03
-7.411083333333333940e+03
-6.334055555555554747e+03
-4.800722222222222626e+03
-4.341722222222223536e+03
-3.632000000000000000e+03
-4.955833333333333940e+03
-6.373000000000000000e+03
-3.342666666666667425e+03
-5.843000000000000000e+03
-2.087250000000000000e+03
-3.716800000000000182e+03
-6.704333333333333030e+03
-4.521666666666666970e+03
-6.140555555555554747e+03
-7.844266666666667334e+03
-8.078666666666667879e+03
-7.547583333333333940e+03
-6.353833333333333030e+03
-6.405444444444445253e+03
-2.157666666666666970e+03
-5.713199999999999818e+03
-6.470555555555555657e+03
-6.688555555555555657e+03
-4.313388888888887777e+03
-5.833399999999999636e+03
-4.708916666666666060e+03
-8.430000000000000000e+03
-7.550500000000000000e+03
-3.329777777777777828e+03
-5.878133333333333212e+03
-5.034666666666666970e+03
-6.023800000000000182e+03
-4.581555555555555657e+03
-6.441111111111110404e+03
-2.478750000000000000e+03
2.681908333333333212e+04
-8.117399999999999636e+03
-3.557866666666666333e+03
-5.821199999999999818e+03
-5.908466666666667152e+03
-4.666722222222222626e+03
-6.647222222222222626e+03
-5.787000000000000000e+03
-7.832399999999999636e+03
-5.916066666666667516e+03
-6.573888888888889596e+03
-5.934800000000000182e+03
-5.922466666666665333e+03
-3.630066666666667061e+03
-5.022916666666666970e+03
-6.056333333333333940e+03
2.151493333333333430e+04
-3.390733333333332666e+03
-6.627166666666666970e+03
-6.534555555555555657e+03
-5.673533333333332848e+03
-3.319222222222222172e+03
-5.802000000000000000e+03
-6.195611111111112223e+03
-7.373250000000000000e+03
-6.342388888888887777e+03
-5.677133333333333212e+03
-7.538250000000000000e+03
-6.765666666666666970e+03
-5.059000000000000000e+03
-2.354166666666666515e+03
-7.939399999999999636e+03
-7.999833333333334849e+03
-3.280333333333333485e+03
-6.090133333333334122e+03
-6.093399999999999636e+03
-5.693400000000000546e+03
-7.472666666666666060e+03
-7.363750000000000000e+03
-6.031733333333333576e+03
-5.926466666666667152e+03
-5.698800000000000182e+03
-6.064733333333334485e+03
-5.049333333333333030e+03
-5.812733333333332666e+03
-5.929000000000000000e+03
-6.426388888888887777e+03
-5.759066666666667516e+03
-5.926466666666667152e+03
-6.704333333333333030e+03
1.790386666666666497e+04
-6.712666666666666970e+03
-5.661066666666667516e+03
-7.985166666666667879e+03
-6.757761904761905498e+03
-5.944600000000000364e+03
-4.619166666666666970e+03
-6.537500000000000000e+03
-6.359277777777777374e+03
-6.474500000000000000e+03
-5.999466666666667152e+03
-5.700933333333332484e+03
-7.573750000000000000e+03
-7.817399999999999636e+03
-6.187388888888889596e+03
-5.763600000000000364e+03
-5.787000000000000000e+03
-5.844600000000000364e+03
-2.264500000000000000e+03
-6.643333333333333030e+03
-5.997800000000000182e+03
-4.413388888888889596e+03
-8.127399999999999636e+03
-2.498166666666666515e+03
-4.531277777777778283e+03
-8.327666666666666060e+03
-6.397944444444445253e+03
-7.560083333333333940e+03
-8.213666666666667879e+03
-7.514166666666666060e+03
-6.125666666666666970e+03
-6.704333333333333030e+03
-6.547666666666666970e+03
-3.670800000000000182e+03
-8.406222222222220807e+03
-8.270000000000001819e+03
-3.280555555555556111e+03
-5.944466666666667152e+03
-7.958666666666666970e+03
-5.535600000000000364e+03
-6.549222222222222626e+03
-7.524583333333333940e+03
-5.032333333333333030e+03
-8.208111111111111313e+03
-2.157666666666666970e+03
-3.274111111111111313e+03
-5.727133333333333212e+03
-7.527666666666666060e+03
-3.814533333333333758e+03
-8.139555555555555657e+03
-6.278444444444445253e+03
-7.538083333333333940e+03
1.701426666666666279e+04
-8.346888888888888687e+03
-6.289277777777778283e+03
-8.056761904761905498e+03
-6.036000000000000909e+03
-5.494399999999999636e+03
-5.028916666666666970e+03
-4.994916666666666970e+03
3.338733333333333576e+04
-3.484333333333333030e+03
-7.923800000000000182e+03
-8.251888888888888687e+03
-2.432250000000000000e+03
-3.640600000000000819e+03
-3.296333333333333940e+03
-7.813533333333334667e+03
-7.215916666666666060e+03
-5.942199999999999818e+03
-4.971916666666666970e+03
-7.528083333333333940e+03
-4.947666666666666060e+03
-6.688555555555555657e+03
-8.041199999999999818e+03
-5.631266666666667334e+03
-8.126800000000000182e+03
-7.888933333333332484e+03
-3.756933333333334303e+03
-6.653777777777778283e+03
-7.604083333333333940e+03
-5.584399999999999636e+03
-8.025666666666667879e+03
-7.550500000000000000e+03
-8.126800000000000182e+03
-3.319222222222222172e+03
-5.686333333333333030e+03
-4.518166666666666060e+03
-7.553833333333333940e+03
-5.395399999999999636e+03
2.236608333333333576e+04
-6.122500000000000000e+03
-7.575833333333333940e+03
-7.906399999999999636e+03
-6.701555555555555657e+03
-7.571666666666666970e+03
-1.340066666666666833e+03
-4.933416666666666060e+03
-2.368916666666666515e+03
-8.458555555555556566e+03
-8.134000000000000909e+03
-4.458777777777778283e+03
-5.888466666666666242e+03
-4.566666666666666970e+03
-7.514166666666666060e+03
-8.447611111111111313e+03
-5.591533333333334667e+03
-5.740600000000000364e+03
-3.611199999999999818e+03
-8.021133333333333212e+03
-7.833533333333332848e+03
1.688173333333332994e+04
-7.712600000000000364e+03
-6.545833333333333030e+03
-2.513000000000000000e+03
-5.655000000000000000e+03
3.335644444444444525e+04
-5.739200000000000728e+03
-8.076600000000000364e+03
-6.293500000000000000e+03
2.387624999999999636e+04
-8.085611111111112223e+03
-3.809266666666667334e+03
-3.507066666666667061e+03
8.277777777777778567e+01
-7.552166666666666970e+03
-7.582083333333333940e+03
-6.074133333333334122e+03
-5.937333333333333940e+03
-7.505250000000000000e+03
-6.643333333333333030e+03
-4.662333333333333030e+03
-7.530833333333333940e+03
-5.762199999999999818e+03
-4.997500000000000000e+03
-5.739066666666667516e+03
9.155555555555555713e+01
-6.324777777777777374e+03
1.280833333333333144e+02
-4.968916666666666970e+03
-5.655933333333332484e+03
-8.051444444444444343e+03
-6.721000000000000000e+03
-7.571666666666666970e+03
-8.094000000000000000e+03
-8.476777777777777374e+03
-7.462250000000000000e+03
-6.056333333333333940e+03
-5.648133333333333212e+03
-5.059000000000000000e+03
-8.012800000000000182e+03
-5.870066666666667516e+03
-7.573750000000000000e+03
-7.569583333333333940e+03
-6.488611111111110404e+03
-5.460066666666667516e+03
-5.903466666666667152e+03
-4.464722222222222626e+03
-5.662800000000000182e+03
-2.249416666666666515e+03
-8.049333333333333030e+03
-4.954166666666666060e+03
-5.643666666666666970e+03
-2.157666666666666970e+03
-2.305916666666666515e+03
-5.003666666666666970e+03
-5.659399999999999636e+03
-8.406222222222220807e+03
-5.570333333333333940e+03
-3.573066666666667061e+03
-4.809666666666666970e+03
-5.063416666666666970e+03
-5.570333333333333940e+03
-2.428166666666666970e+03
-5.614066666666667516e+03
-6.338444444444444343e+03
-7.569583333333333940e+03
-4.939416666666666970e+03
-5.945066666666667516e+03
-6.712666666666666970e+03
3.297233333333333576e+04
-7.228166666666666060e+03
-7.887866666666666788e+03
-3.352555555555556111e+03
-7.363083333333333940e+03
-6.125666666666666970e+03
-5.843800000000000182e+03
-7.592500000000000000e+03
-7.559833333333333940e+03
-5.953600000000000364e+03
-7.569583333333333940e+03
-7.591583333333333940e+03
-5.919133333333333212e+03
-4.534888888888888687e+03
-7.418916666666666970e+03
-6.118111111111112223e+03
-6.331222222222222626e+03
-3.698666666666666970e+03
-7.519750000000000000e+03
-7.404333333333333940e+03
-7.573500000000000000e+03
-3.723599999999999909e+03
-7.471166666666666060e+03
-6.030666666666666060e+03
-6.633333333333333030e+03
-4.921333333333333940e+03
-6.390277777777777374e+03
-5.845933333333334303e+03
-3.845066666666667061e+03
-5.888666666666666060e+03
-7.394833333333333940e+03
2.672391666666666788e+04
-7.555916666666666970e+03
-7.946600000000000364e+03
-7.693333333333333940e+03
-5.012416666666666970e+03
3.530233333333333576e+04
-7.212416666666666060e+03
-5.920399999999999636e+03
-6.021199999999999818e+03
-6.003733333333333576e+03
-8.003000000000000000e+03
-7.466833333333333940e+03
-7.512916666666666970e+03
-8.248111111111111313e+03
-2.393333333333333030e+03
-7.843000000000000000e+03
-4.971500000000000000e+03
-6.456388888888889596e+03
-5.848666666666666970e+03
-8.270611111111111313e+03
-4.787499999999999091e+03
-7.427750000000000000e+03
-3.234333333333333485e+03
-8.036733333333332666e+03
1.695166666666666424e+04
-5.017416666666666970e+03
-5.834399999999999636e+03
-6.645000000000000000e+03
-3.309111111111111313e+03
-6.550857142857144026e+03
-5.809199999999999818e+03
-5.669266666666665515e+03
-7.561250000000000000e+03
-8.018933333333332484e+03
-8.159266666666667334e+03
-5.655800000000000182e+03
-7.498416666666666060e+03
-8.141666666666666970e+03
-7.597833333333333940e+03
-4.457833333333333030e+03
-8.453166666666667879e+03
-3.573400000000000091e+03
-4.647333333333333940e+03
-6.657333333333333030e+03
-8.026000000000000000e+03
-6.277000000000000000e+03
-7.416833333333333940e+03
-7.442750000000000000e+03
-5.018333333333333940e+03
-6.065600000000000364e+03
-7.394416666666666060e+03
-7.420750000000000000e+03
-4.860916666666666970e+03
-8.265722222222222626e+03
-6.524222222222222626e+03
-8.285611111111111313e+03
-5.865933333333332484e+03
-8.328722222222222626e+03
-8.337777777777779193e+03
-6.380523809523809177e+03
-2.040083333333333258e+03
-4.620944444444445253e+03
-5.816133333333333212e+03
-8.247277777777777374e+03
-4.813833333333333940e+03
-6.246555555555555657e+03
-8.408222222222220807e+03
-7.503333333333333940e+03
-7.516250000000000000e+03
-7.843133333333333212e+03
-7.385083333333333940e+03
-4.917416666666666060e+03
2.371174999999999636e+04
-8.018888888888889596e+03
-5.678866666666666788e+03
-5.936066666666667516e+03
-7.597833333333333940e+03
-8.183533333333334667e+03
-6.659611111111110404e+03
-8.082533333333334667e+03
-7.875733333333334485e+03
-4.814666666666666060e+03
2.245241666666666788e+04
-8.411238095238095411e+03
3.559033333333333576e+04
-7.724866666666666788e+03
-8.292833333333333940e+03
-4.468333333333333030e+03
-8.260277777777779193e+03
-8.394555555555554747e+03
-4.769416666666666060e+03
-6.624777777777778283e+03
-5.728466666666667152e+03
-5.780533333333332848e+03
-7.463833333333333940e+03
-7.547583333333333940e+03
-8.124066666666665697e+03
-7.452750000000000000e+03
-8.440833333333332121e+03
-7.462250000000000000e+03
-5.891800000000000182e+03
-7.554083333333333940e+03
-3.630599999999999909e+03
-7.845555555555555657e+03
-5.874800000000000182e+03
-4.685250000000000000e+03
-6.319722222222221717e+03
-7.878666666666666970e+03
-5.876199999999999818e+03
-7.545916666666666060e+03
-7.813666666666666970e+03
-8.067333333333333940e+03
-7.527666666666666060e+03
-7.567500000000000000e+03
-5.979733333333333576e+03
-7.486583333333333940e+03
-5.960666666666666970e+03
-8.110000000000000909e+03
-8.224833333333333940e+03
-8.119066666666667516e+03
-4.819000000000000000e+03
-8.432333333333333940e+03
-5.836000000000000000e+03
-8.101800000000000182e+03
-7.822399999999999636e+03
-7.604083333333333940e+03
-7.553583333333333940e+03
-7.536416666666666970e+03
-8.121000000000000909e+03
-6.196388888888889596e+03
-4.810083333333333940e+03
-5.867733333333332666e+03
-5.854133333333333212e+03
-8.327555555555556566e+03
-7.476250000000000000e+03
-8.001666666666666060e+03
-8.589952380952379826e+03
-8.369388888888888687e+03
-8.269000000000000000e+03
-7.790000000000000000e+03
-5.691133333333334122e+03
-7.541750000000000000e+03
-7.569333333333333940e+03
-7.999333333333333030e+03
-7.945800000000000182e+03
-5.572800000000000182e+03
-7.823266666666667334e+03
-7.887466666666665333e+03
-7.531833333333333940e+03
-5.734866666666666788e+03
-3.257333333333333485e+03
-4.718583333333333940e+03
-7.866266666666667334e+03
-8.071933333333332484e+03
-8.093333333333334849e+03
-8.069933333333332484e+03
-7.503666666666666060e+03
-8.028933333333332484e+03
-8.048199999999999818e+03
-6.314111111111112223e+03
-8.507809523809522943e+03
-8.025399999999999636e+03
-6.656444444444445253e+03
-8.312277777777777374e+03
-6.678333333333333030e+03
-6.411238095238094502e+03
-6.672222222222222626e+03
-7.536166666666666060e+03
3.326955555555555475e+04
-8.443666666666666060e+03
-6.636111111111110404e+03
-7.884800000000000182e+03
-7.525500000000000000e+03
-7.719733333333334485e+03
-6.524277777777777374e+03
-6.712666666666666970e+03
-8.281222222222220807e+03
-7.428416666666666060e+03
-8.013933333333334303e+03
-8.036133333333333212e+03
-7.498583333333333940e+03
-7.566333333333333940e+03
-6.622000000000000000e+03
-7.551750000000000000e+03
-5.962466666666667152e+03
-8.040399999999999636e+03
-6.667222222222221717e+03
-8.021000000000000000e+03
-7.675600000000000364e+03
-7.177000000000000000e+03
-5.790866666666665878e+03
-3.744800000000000182e+03
-6.584333333333333030e+03
-4.915666666666666060e+03
3.380344444444444525e+04
-8.308888888888888687e+03
-5.017833333333333030e+03
-4.975000000000000000e+03
-3.274222222222222172e+03
-7.536250000000000000e+03
-8.330888888888888687e+03
-8.246000000000000000e+03
-6.255500000000000000e+03
-7.470583333333333940e+03
-7.512916666666666970e+03
-7.978733333333334485e+03
-4.994666666666666970e+03
-6.696000000000000000e+03
-8.377722222222222626e+03
-4.362277777777777374e+03
-4.265444444444444343e+03
-6.665444444444444343e+03
-6.645000000000000000e+03
-7.905733333333334485e+03
-5.025000000000000000e+03
-6.320166666666666970e+03
-6.059266666666666424e+03
-6.670000000000000000e+03
-7.948533333333334667e+03
-8.070866666666666788e+03
-8.014000000000000000e+03
-6.239666666666666970e+03
-6.163055555555554747e+03
-7.667933333333334303e+03
-8.315611111111111313e+03
-8.007000000000000000e+03
-7.537833333333333940e+03
-7.591583333333333940e+03
-7.709466666666665333e+03
-3.329777777777777828e+03
-8.046733333333332666e+03
-5.880866666666666788e+03
-6.156000000000000000e+03
-8.320888888888888687e+03
-7.523916666666666060e+03
-5.934800000000000182e+03
-7.496333333333333940e+03
-6.007866666666666788e+03
-5.735399999999999636e+03
-6.064866666666666788e+03
-7.536416666666666970e+03
-7.975666666666666970e+03
-6.669444444444445253e+03
-7.367000000000000000e+03
-6.048933333333332484e+03
-7.476833333333332121e+03
-5.962066666666665697e+03
-5.028166666666666970e+03
-3.328444444444444798e+03
-8.171866666666666788e+03
-7.957000000000000000e+03
-8.099800000000000182e+03
-7.215916666666666060e+03
-8.053733333333334485e+03
-7.566333333333333940e+03
-6.629722222222222626e+03
-7.545916666666666060e+03
-7.541750000000000000e+03
-6.661111111111110404e+03
-5.725666666666666970e+03
-3.264222222222222172e+03
-7.558250000000000000e+03
-7.804466666666667152e+03
-7.492666666666666060e+03
-8.019333333333333030e+03
-8.073800000000000182e+03
-7.377916666666666060e+03
-6.112333333333333030e+03
-6.668222222222221717e+03
-7.320000000000000000e+03
-7.536250000000000000e+03
-5.634800000000000182e+03
-7.566333333333333940e+03
-6.442944444444445253e+03
-8.383476190476192642e+03
-6.584111111111112223e+03
-8.092600000000000364e+03
-7.978733333333334485e+03
-7.528083333333333940e+03
-6.672222222222222626e+03
-8.026533333333334667e+03
-6.592666666666666970e+03
-7.440833333333333940e+03
-7.558000000000000000e+03
-4.890583333333333940e+03
-8.318333333333333940e+03
-5.932866666666666788e+03
-6.613666666666666970e+03
-7.993799999999998363e+03
-7.973066666666667516e+03
-8.368333333333333940e+03
-7.474750000000000000e+03
-7.655266666666667334e+03
-7.983399999999999636e+03
-7.402750000000000000e+03
-7.577000000000000000e+03
-8.018933333333332484e+03
-7.494166666666666060e+03
-8.005600000000000364e+03
-8.455277777777777374e+03
-8.039866666666666788e+03
-7.445083333333332121e+03
-8.057000000000000000e+03
-7.527666666666666060e+03
-8.304500000000000000e+03
-8.315000000000000000e+03
-7.444416666666666060e+03
-8.345500000000000000e+03
-8.252166666666666060e+03
-4.883333333333333940e+03
-7.925800000000000182e+03
-7.876333333333333940e+03
-7.519833333333332121e+03
-7.577000000000000000e+03
-7.819866666666666788e+03
-7.412416666666666060e+03
-7.555000000000000000e+03
-6.254666666666666970e+03
-7.696866666666665878e+03
-8.096199999999999818e+03
-7.539916666666666970e+03
-7.537833333333333940e+03
-6.529388888888889596e+03
-7.668333333333333030e+03
-8.115933333333332484e+03
-4.661166666666666060e+03
-7.556166666666666060e+03
-5.843533333333332848e+03
-5.579933333333332484e+03
-8.105111111111112223e+03
-5.969266666666666424e+03
-7.528333333333333940e+03
-8.359055555555556566e+03
-8.016000000000000000e+03
-8.090444444444444343e+03
-8.430666666666666060e+03
-7.998399999999999636e+03
-7.184666666666666060e+03
-5.710933333333332484e+03
-5.906133333333333212e+03
-6.592666666666666970e+03
-8.026533333333334667e+03
-7.482166666666666060e+03
-7.559083333333333940e+03
-7.896533333333334667e+03
-6.629666666666666970e+03
-6.704333333333333030e+03
-5.649866666666666788e+03
-7.591583333333333940e+03
-6.226428571428570649e+03
-7.591583333333333940e+03
-8.119277777777778283e+03
-7.703733333333332666e+03
-3.514866666666667243e+03
-7.535583333333333940e+03
-8.022266666666667334e+03
-7.471166666666666060e+03
-7.445083333333332121e+03
-6.658333333333333030e+03
-8.106066666666667516e+03
-8.298166666666666060e+03
-4.963500000000000000e+03
-6.160611111111110404e+03
-8.098333333333333030e+03
-7.554083333333333940e+03
-7.941733333333334485e+03
-8.409166666666666060e+03
-6.609222222222222626e+03
-4.981333333333333030e+03
-6.491500000000000000e+03
-6.241166666666666970e+03
-6.338000000000000000e+03
-8.058133333333333212e+03
-7.327666666666666060e+03
-5.956133333333333212e+03
-8.079066666666667516e+03
-8.029933333333334303e+03
-8.058133333333333212e+03
-8.127238095238094502e+03
-5.661399999999999636e+03
-7.999266666666665515e+03
-6.529166666666666970e+03
-8.117600000000000364e+03
-5.009000000000000000e+03
-5.765600000000000364e+03
-7.556166666666666060e+03
-5.952133333333333212e+03
-5.791800000000000182e+03
-5.755000000000000000e+03
-4.902416666666666060e+03
-7.978933333333332484e+03
-6.677444444444444343e+03
-8.424444444444443434e+03
-6.000066666666667516e+03
-7.561250000000000000e+03
-8.269666666666666060e+03
-8.321055555555556566e+03
-3.292444444444444798e+03
-5.910600000000000364e+03
-8.039733333333332666e+03
-5.546666666666666060e+03
-8.075777777777777374e+03
-7.750222222222222626e+03
-5.878466666666667152e+03
-7.901600000000000364e+03
-6.658000000000000000e+03
-8.341333333333333940e+03
-7.463000000000000000e+03
-7.470666666666666060e+03
-6.662666666666666970e+03
-8.052000000000000000e+03
-7.579083333333333940e+03
-6.663888888888887777e+03
-4.870750000000000000e+03
-8.013600000000000364e+03
-5.645266666666667334e+03
-4.589416666666666060e+03
-5.788133333333333212e+03
-6.670000000000000000e+03
-6.606555555555554747e+03
-6.376222222222222626e+03
-4.908833333333333030e+03
-3.885066666666666606e+03
-2.407250000000000000e+03
-7.470666666666666060e+03
-6.222833333333333030e+03
-5.807733333333332666e+03
-5.670533333333332848e+03
-8.157333333333333030e+03
-6.214611111111110404e+03
-6.359166666666666970e+03
-4.936000000000000000e+03
-8.236444444444443434e+03
-5.878666666666666060e+03
-8.211111111111111313e+03
-4.895750000000000000e+03
-7.320000000000000000e+03
-5.337266666666667334e+03
-7.368166666666666060e+03
-5.916066666666667516e+03
-7.510083333333333940e+03
-4.707750000000000000e+03
-7.530000000000000000e+03
-5.928333333333333030e+03
-7.950444444444444343e+03
-4.905250000000000000e+03
-3.669533333333332848e+03
-4.290500000000000000e+03
-3.255000000000000000e+03
-9.141311067452521456e+03
-6.251693693693693604e+03
-9.732767973856211029e+03
-9.255996491228070226e+03
-9.374587382779200198e+03
-9.288663507109004058e+03
-9.228969269703544342e+03
-6.241125925925925912e+03
-9.180887525562373412e+03
-8.128229166666667879e+03
3.395211111111111677e+04
-8.754912037037036498e+03
-9.006007575757575978e+03
-9.244112331081081720e+03
-9.313678200692042083e+03
-9.193648261758691660e+03
-8.912219898605828348e+03
-9.760421455938698273e+03
-9.462296875000000000e+03
-9.555079365079365743e+03
-9.710323577235772973e+03
-9.725263636363635669e+03
-9.025927667269439553e+03
-8.888207207207206011e+03
-8.920906392694065289e+03
-8.996209876543211067e+03
-9.203611418047881671e+03
-9.487669090909090301e+03
-8.496727272727272066e+03
