3.395488888888889051e+04
2.614225000000000364e+04
6.821166666666668789e+03
6.584666666666665833e+02
3.185555555555554861e+02
1.848440000000000146e+04
-4.563133333333333212e+03
-6.422547619047619264e+03
1.507566666666666606e+04
-1.785200000000000045e+03
-6.771595238095236709e+03
-6.414476190476190823e+03
-3.284476190476190368e+03
2.202666666666667425e+03
3.331411111111111677e+04
-2.485866666666666788e+03
-5.537410256410256807e+03
5.605962962962963502e+03
1.775555555555555429e+02
-5.940399999999999636e+03
6.724583333333333030e+03
6.964266666666668243e+03
-6.469214285714285325e+03
-2.183476190476189913e+03
-1.831733333333333121e+03
-6.404166666666666060e+03
9.778000000000000000e+03
-4.877888888888888687e+03
-3.599333333333333030e+03
-5.262538461538460069e+03
-6.456428571428571558e+03
-5.436066666666667516e+03
2.671266666666666788e+04
-5.715700000000000728e+03
-7.081039215686274474e+03
-1.556200000000000045e+03
-6.710153846153845734e+03
1.161820512820512022e+03
2.587616666666666424e+04
-6.558880952380952294e+03
1.551833333333333258e+03
-2.393285714285714221e+03
2.589716666666666424e+04
1.072452380952380736e+04
-4.670878787878787989e+03
7.214666666666665151e+03
1.073276190476190277e+04
3.744878787878788444e+03
1.606353333333333467e+04
-3.156500000000000000e+03
1.158447619047618718e+04
-6.600877192982455199e+03
6.583888888888888687e+03
-4.972259259259259125e+03
-3.961599999999999454e+03
-1.879333333333333485e+03
-6.422571428571428442e+03
1.453216666666666606e+04
-1.433266666666666652e+03
-5.912880952380953204e+03
-4.850757575757575069e+03
4.594305555555556566e+03
-6.763738095238093592e+03
6.215370370370371347e+03
3.338733333333333576e+04
3.850000000000000000e+02
1.223722222222222445e+04
1.466972222222222445e+04
1.936326666666666642e+04
-1.833266666666666879e+03
1.852293333333333067e+04
2.308600000000000000e+04
-6.304857142857143117e+03
1.210358974358973683e+03
-1.844533333333333530e+03
-6.671547619047618355e+03
-2.862863636363633759e+03
-4.117142857142856883e+03
-6.776761904761903679e+03
2.294991666666666788e+04
-4.663060606060606915e+03
-5.834575757575757962e+03
-6.126909090909091901e+03
1.096904761904761835e+04
1.156814285714285688e+04
-3.064666666666666970e+03
8.600000000000000000e+01
-6.492547619047619264e+03
-6.023809523809523853e+03
8.210249999999998181e+03
-6.202071428571428442e+03
2.044633333333333576e+04
3.511090909090909008e+03
8.516791666666667879e+03
1.949873333333332994e+04
-1.711888888888888914e+03
-4.907625000000000000e+03
-6.545309523809523853e+03
-4.308000000000000000e+03
6.805222222222222626e+03
-7.510153846153844825e+03
7.153999999999990678e+02
1.456722222222221944e+03
1.110000000000000000e+02
-6.478238095238094502e+03
-6.332636363636364877e+03
-6.692309523809523853e+03
-6.250416666666665151e+02
-7.417923076923078042e+03
-2.354333333333333485e+03
-3.859809523809523398e+03
-8.635232323232323324e+03
-1.804133333333333667e+03
-2.526523809523809177e+03
-7.194812500000000000e+03
3.308622222222222626e+04
-8.467783333333331029e+03
2.977212121212121929e+03
-6.497000000000000000e+03
-7.551333333333333030e+03
-7.506948717948717785e+03
8.621142857142858702e+03
-6.714476190476191732e+03
-6.153458333333333940e+03
-6.149261904761905498e+03
-8.248043478260866323e+03
-6.095071428571429351e+03
-6.453000000000000909e+03
-6.689761904761905498e+03
-1.001274509803920978e+03
1.628793333333333067e+04
-5.421703703703704377e+03
2.831666666666666856e+02
6.455629629629629562e+03
3.541466666666666424e+04
1.894969696969696088e+03
-5.000090909090909008e+03
7.510666666666666060e+03
1.645493333333333067e+04
6.053777777777776464e+03
-7.223649122807018102e+03
-7.145055555555555657e+03
-6.828142857142855974e+03
-6.510119047619047706e+03
8.858142857142856883e+03
-7.511692307692306713e+03
8.579916666666667879e+03
-6.165285714285714675e+03
8.103999999999999773e+02
-6.141523809523809177e+03
2.839928571428572468e+03
2.703000000000000455e+03
1.436450000000000000e+04
-4.992250000000000909e+03
6.748633333333334122e+03
-3.712523809523809632e+03
1.621240000000000327e+04
-6.420642857142856883e+03
2.897023809523808268e+03
-6.404333333333333940e+03
-5.432444444444444343e+03
3.053939393939394904e+03
-2.410833333333333030e+03
-6.662190476190475238e+03
-3.222333333333333940e+03
-1.477533333333333530e+03
-6.733833333333333030e+03
2.342500000000000000e+02
-7.525538461538460069e+03
-7.009928571428571558e+03
1.353227777777777555e+04
1.113619047619047706e+04
-6.217606060606060964e+03
-1.588833333333333712e+03
1.552583333333333394e+04
1.229176190476190641e+04
-2.679611111111110858e+03
-6.419833333333333940e+03
7.340814814814813872e+03
-3.912199999999999818e+03
2.231466666666666788e+04
-2.430583333333333485e+03
2.918333333333333712e+02
-5.419518518518519159e+03
-5.482518518518518249e+03
-3.325666666666666515e+03
8.875583333333335759e+03
-1.493266666666666424e+03
-3.613454545454545496e+03
2.316025000000000364e+04
9.875259259259260944e+03
-3.197030303030302548e+03
-1.758125000000000000e+03
3.578230769230768146e+03
-6.581595238095237619e+03
-6.032380952380952294e+03
8.652476190476190823e+03
-1.707933333333333621e+03
1.965493333333333430e+04
4.541027777777778283e+03
-2.986333333333333940e+03
-6.691119047619047706e+03
-4.564805555555555657e+03
-4.363777777777777374e+03
-6.593000000000000000e+03
-6.206214285714285325e+03
-6.062619047619047706e+03
-6.575238095238096321e+03
3.107777777777777374e+03
-4.777151515151515014e+03
1.621973333333333358e+04
-8.723262626262627236e+03
-4.128380952380952294e+03
-1.186875000000000455e+03
-5.395833333333484916e+00
-4.126190476190476147e+03
-5.946928571428571558e+03
2.819383333333333576e+04
-2.726111111111111768e+03
-5.964952380952380736e+03
1.364994444444444343e+04
1.372938888888888505e+04
4.851277777777779193e+03
-3.724916666666666970e+03
-6.702309523809523853e+03
-4.800750000000000000e+03
1.423999999999999818e+04
-6.452523809523809177e+03
-6.593888888888889596e+03
-6.438666666666666060e+03
7.768833333333333940e+03
-4.838416666666666970e+03
-6.256592592592592155e+03
8.458333333333334281e+01
1.653186666666666861e+04
1.856093333333333430e+04
-3.249125000000000000e+03
5.684454545454545041e+03
2.599708333333333212e+04
6.380814814814813872e+03
1.447316666666666606e+04
-6.198880952380953204e+03
-6.544880952380952294e+03
-5.680238095238096321e+03
1.078366666666666606e+04
1.482971428571428623e+04
1.276666666666666714e+02
-6.134833333333333940e+03
-6.233642857142856883e+03
9.054871794871802422e+02
-7.142820512820513613e+03
-5.390333333333333030e+03
1.963277777777778510e+03
-6.212583333333333940e+03
3.163818181818181984e+03
-2.439250000000000000e+03
-7.431666666666666970e+03
-6.613476190476190823e+03
1.571393333333333430e+04
3.296400000000000000e+04
-3.770212121212120564e+03
4.329166666666666288e+02
-5.831976190476190823e+03
1.106615384615384528e+03
-5.692102564102564429e+03
7.577777777777778567e+01
1.958726666666666642e+04
-6.237574074074072996e+03
1.753153846153847326e+03
-5.902452380952381645e+03
-3.160944444444443889e+03
-3.184166666666666515e+03
2.265000000000000000e+02
2.737800000000000000e+04
-5.888833333333333940e+03
-6.765615384615383846e+03
-4.152366666666666788e+03
1.165000000000000000e+02
1.941866666666666424e+04
-7.437087719298245247e+03
-4.923499999999999091e+03
-7.888507246376813782e+03
-5.163148148148148721e+03
9.560000000000011369e+02
-6.248261904761905498e+03
7.827416666666666970e+03
3.066333333333333940e+03
3.557766666666667152e+04
2.562816666666666788e+04
6.094148148148149630e+03
-2.479583333333333485e+03
3.380344444444444525e+04
-7.148666666666666060e+03
-6.595738095238094502e+03
-5.339444444444445253e+03
-7.480538461538460069e+03
3.380766666666666424e+04
-6.188309523809523853e+03
-5.878787878787878981e+03
4.355555555555556424e+01
1.494450000000000000e+04
-3.924000000000000000e+03
-6.560761904761903679e+03
-5.431999999999999091e+03
1.466850000000000000e+04
2.453805555555556111e+03
-6.108051282051282215e+03
-6.164333333333333030e+03
-2.373250000000000000e+03
-3.885066666666666606e+03
-6.334476190476190823e+03
-6.759833333333334849e+03
2.531866666666666788e+04
-6.575476190476191732e+03
-7.260743589743589837e+03
-4.863833333333333030e+03
5.983703703703704377e+03
6.932074074074074815e+03
-6.575071428571428442e+03
-1.481754385964912899e+03
-6.543119047619047706e+03
-6.739641025641026317e+03
6.227999999999998181e+03
1.966666666666666572e+02
3.660696969696971337e+03
-7.039487179487180583e+03
-6.523833333333333030e+03
9.250000000000000000e+01
6.727875000000000909e+03
-8.594333333333330302e+03
-5.543904761904761472e+03
-7.549205128205127039e+03
-8.349083333333332121e+03
-4.318916666666666970e+03
9.707083333333333940e+03
-6.595761904761905498e+03
-4.870625000000000000e+03
3.593151515151514104e+03
-2.161460317460318493e+03
-7.091299999999998363e+03
-8.322652173913045772e+03
1.997206666666666570e+04
-6.396190476190476147e+03
-8.559757575757575978e+03
-6.842119047619046796e+03
-6.740452380952379826e+03
-7.754214285714284415e+03
-7.644318181818182893e+03
-5.494299999999999272e+03
-7.892536231884056178e+03
7.189629629629629562e+03
-5.620538461538461888e+03
-6.616166666666666060e+03
-7.024215686274510517e+03
-6.885428571428570649e+03
-6.583629629629629562e+03
2.645258333333333576e+04
-8.273405797101446296e+03
8.125238095238091773e+02
3.340866666666666424e+04
-6.502142857142855974e+03
2.425636363636363512e+03
-7.346615384615383846e+03
-7.402470588235293690e+03
-6.975309523809524762e+03
-7.231696969696969973e+03
-6.763166666666666060e+03
-8.301855072463769829e+03
-8.432171717171715500e+03
-8.787727272727272066e+03
4.599296296296295623e+03
-8.249144927536230171e+03
4.356060606060606915e+03
-7.465203703703704377e+03
-7.947333333333332121e+03
8.719571428571429351e+03
-5.707714285714285325e+03
-8.022492753623186218e+03
-6.213787878787878071e+03
-8.297014492753620289e+03
-5.875547619047618355e+03
8.610791666666667879e+03
-5.475370370370370438e+03
3.558011111111110949e+04
-6.118738095238096321e+03
-6.632333333333333940e+03
-6.700725490196076862e+03
-7.602652777777776464e+03
-7.678230769230770420e+03
7.608205128205120218e+02
-2.539000000000000455e+03
-6.256629629629630472e+03
-5.623333333333333030e+03
-6.502666666666666060e+03
-6.331190476190476147e+03
-6.737738095238093592e+03
-7.821652173913041224e+03
-7.536333333333333030e+03
-8.624231884057971911e+03
-7.779035087719299554e+03
-6.623023809523808268e+03
-8.797461538461539021e+03
-6.259404761904761472e+03
-7.474277777777779193e+03
-6.515416666666666970e+03
-8.222623188405797919e+03
-6.822564102564102541e+03
-8.301583333333332121e+03
-8.369826086956523795e+03
-6.349642857142856883e+03
-7.977000000000001819e+03
1.121128571428571377e+04
-7.827357142857144936e+03
-1.385854166666666515e+03
-5.400633333333333212e+03
-8.781864583333333940e+03
-8.218541666666666060e+03
-2.440249999999999545e+03
-7.793955555555556202e+03
-6.784757575757575069e+03
2.920694444444443889e+03
-8.229884057971010407e+03
-8.606717171717173187e+03
-7.143166666666666060e+03
-6.474547619047619264e+03
-7.540102564102562610e+03
3.420844444444444525e+04
-8.277606060606060055e+03
-8.194362318840581793e+03
-7.584616666666666788e+03
-7.399512820512819417e+03
-3.673250000000000000e+03
-6.426833333333333030e+03
-7.937611111111112223e+03
-8.521954545454545951e+03
-7.509444444444442524e+03
-8.626616161616160753e+03
-8.013507246376813782e+03
2.255030303030302548e+03
-7.156948717948718695e+03
-7.384385416666666970e+03
5.344444444444444997e+01
-5.201925925925926094e+03
-8.437809523809524762e+03
-8.392492753623191675e+03
-9.274604166666666060e+03
-4.970619047619047706e+03
-4.808222222222222626e+03
-8.190981481481480841e+03
1.200277777777777374e+03
-8.375521739130434071e+03
-7.488256410256411073e+03
-7.247296296296295623e+03
-8.984719298245616301e+03
-9.140790476190479239e+03
3.422044444444444525e+04
-7.894825396825394819e+03
-8.967106060606056417e+03
3.395488888888889051e+04
-7.386692307692308532e+03
-7.112846153846154266e+03
-7.928227272727273885e+03
-7.251066666666667516e+03
1.292944444444444116e+03
-2.431166666666666970e+03
-8.087971014492753966e+03
-4.970888888888889596e+03
-8.872560606060604186e+03
-9.044060606060602368e+03
-6.641888888888889596e+03
-8.889303030303030027e+03
-7.847275362318840962e+03
-8.695855072463769829e+03
-6.583904761904763291e+03
-7.802516666666665515e+03
-7.058846153846154266e+03
-7.000466666666667152e+03
-8.412840579710142265e+03
-7.561435897435895640e+03
-7.872652173913041224e+03
-8.472777777777777374e+03
1.745213333333333503e+04
-9.059587301587300317e+03
1.602613333333333503e+04
-7.491102564102563520e+03
-8.388739130434783874e+03
-9.045090909090909918e+03
-6.607571428571428442e+03
-8.350565217391304031e+03
1.222222222222222172e+03
-6.957880952380953204e+03
-8.412086956521741740e+03
-1.883400000000000318e+03
-8.373347826086956047e+03
-5.239119047619046796e+03
-8.318861111111111313e+03
-7.609205128205129768e+03
-8.300646464646464665e+03
-7.883695652173913913e+03
-8.022391304347826008e+03
-7.917177777777778829e+03
-7.569743589743591656e+03
-8.040500000000000000e+03
-8.150277777777777374e+03
-8.483676767676766758e+03
-6.619071428571429351e+03
-7.671000000000000000e+03
1.190716666666666970e+04
-3.194055555555556111e+03
-9.270229166666667879e+03
-6.048861111111110404e+03
6.003888888888888687e+03
4.995878787878789808e+03
-6.805404761904761472e+03
-7.338000000000000000e+03
-7.999333333333333030e+03
-9.141187500000000000e+03
-9.085045454545457687e+03
-8.961895238095237801e+03
4.793999999999990109e+02
-8.211444444444445253e+03
1.612888888888889369e+03
-8.259583333333332121e+03
-6.963280701754384609e+03
-8.937359649122803603e+03
-7.747884057971012226e+03
-8.938916666666667879e+03
-8.592666666666666060e+03
-6.884214285714284415e+03
-1.813799999999999955e+03
-8.544478260869565929e+03
-8.817424242424242038e+03
-9.260406250000000000e+03
-8.379478260869567748e+03
3.413433333333333576e+04
-8.945958333333333940e+03
-8.398040404040404610e+03
-6.603410256410256807e+03
-6.946736111111112223e+03
-9.329230769230769511e+03
-9.415320261437906083e+03
-6.670499999999999091e+03
8.402428571428570649e+03
-8.404478260869565929e+03
-8.507650793650791456e+03
-8.967771929824562903e+03
-8.312316666666665697e+03
-8.480840579710142265e+03
-9.449000000000000000e+03
1.273461538461537430e+03
-7.924244444444443616e+03
-8.535545454545457687e+03
-9.556253968253968196e+03
-6.750333333333333030e+03
-6.330476190476189913e+03
-8.068254901960784991e+03
6.286583333333333940e+03
-8.500416666666667879e+03
-9.072893939393939945e+03
-9.105448717948718695e+03
-8.309724637681159948e+03
-8.896190476190477057e+03
-9.245114583333333940e+03
-8.522101449275362029e+03
-9.103924242424245676e+03
-8.776156250000000000e+03
3.043599999999999909e+03
-9.068060606060606005e+03
-8.751913043478263717e+03
-8.371373737373736731e+03
-8.419710144927536021e+03
-8.429694444444445253e+03
-9.148811594202898050e+03
-9.138893939393943583e+03
7.798833333333334849e+03
-7.941463768115943822e+03
-9.014500000000000000e+03
-8.997500000000000000e+03
-7.505333333333333030e+03
-1.882333333333332803e+03
-8.300500000000000000e+03
1.601813333333333503e+04
-7.943333333333330302e+03
-8.678493589743591656e+03
-8.208959595959597209e+03
-8.545101449275363848e+03
-8.429710144927536021e+03
-6.242428571428571558e+03
-8.340637681159420026e+03
2.260833333333333712e+02
-8.755378787878791627e+03
-7.811350877192983717e+03
-9.237729166666667879e+03
1.188911111111110949e+04
-8.292694444444443434e+03
3.292866666666667243e+03
3.350955555555555475e+04
-8.625313131313132544e+03
-9.006742424242424022e+03
-8.544318840579710013e+03
-6.424452380952381645e+03
-8.418579710144924320e+03
-7.644712121212123748e+03
-9.200992063492063608e+03
-8.872434343434342736e+03
-6.840285714285715585e+03
-8.842464646464646648e+03
-8.949849206349206725e+03
-8.134151515151515014e+03
-9.613126984126985917e+03
-8.723181818181821654e+03
-8.076768115942029908e+03
-7.476028985507246944e+03
-9.476571428571425713e+03
-8.944708333333332121e+03
-8.346474747474747346e+03
-9.360260416666667879e+03
-8.735101010101008796e+03
-7.357461538461539931e+03
-9.304260416666667879e+03
8.678541666666666060e+03
-3.897466666666666242e+03
1.895853333333333285e+04
-3.610142857142854155e+03
8.288916666666667879e+03
-9.452333333333333940e+03
3.421211111111110949e+04
-9.831010752688169305e+03
3.421488888888889051e+04
-8.147724637681159948e+03
-8.038956521739130039e+03
-6.975508771929825343e+03
-9.126833333333333940e+03
-6.294424242424241129e+03
-8.928988888888889051e+03
-9.358416666666666060e+03
6.183000000000001819e+03
-9.421666666666667879e+03
-9.130893939393943583e+03
-8.382444444444443434e+03
-8.359028985507247853e+03
-9.008801587301586551e+03
-8.982049019607842638e+03
-8.671676767676768577e+03
-7.642692307692308532e+03
-9.045954545454545951e+03
-8.408414141414141341e+03
-6.885952380952380736e+03
-7.530230769230769511e+03
