-4.993640000000000000e+05
-7.137474285714285215e+05
-4.993828888888889342e+05
-5.012602777777778101e+05
-5.047981111111111823e+05
-4.995172222222222481e+05
-1.995064666666666744e+05
-5.012512222222222481e+05
-5.010290555555555620e+05
-1.974936666666666570e+05
-7.184210952380952658e+05
3.327166666666666970e+03
-4.997347777777777519e+05
-5.013159444444444380e+05
-5.029470000000000000e+05
-1.996808666666666686e+05
-4.995782222222222481e+05
-5.015142777777777519e+05
-3.325519722222221899e+05
-4.962830000000000582e+05
-5.009471111111110658e+05
-4.997779444444444962e+05
-3.366870833333333139e+05
-7.183856190476191696e+05
-5.013496111111110658e+05
-5.006640555555555620e+05
-4.993930000000000000e+05
-1.994401333333333605e+05
2.260633333333333212e+03
-7.227451904761905316e+05
-7.198246190476191696e+05
-1.996807333333333372e+05
-1.957357333333333372e+05
-5.010565000000000000e+05
-5.047953888888889342e+05
-7.139370476190475747e+05
-5.012775000000000000e+05
-4.993722222222222481e+05
-5.028493333333333139e+05
-4.994648888888889342e+05
-1.993836666666666570e+05
-1.977713333333333139e+05
-3.348486944444444380e+05
-5.046020000000000000e+05
-4.995746666666666861e+05
-5.011502777777778101e+05
-5.013934444444444962e+05
-5.027206111111110658e+05
-7.137286666666667443e+05
-5.031019444444444380e+05
-4.992681666666666861e+05
-7.152359047619047342e+05
-5.010439444444444962e+05
-4.994946111111110658e+05
-5.045943888888889342e+05
-3.407774166666666279e+05
-7.198332380952379899e+05
-1.956018666666666395e+05
-2.036886666666666570e+05
-1.994841333333333314e+05
-1.978136666666666861e+05
-2.016167999999999884e+05
-3.352216388888888760e+05
-4.981313888888889342e+05
-1.992448666666666686e+05
2.554333333333333371e+02
-1.993872000000000116e+05
-5.013937777777777519e+05
-5.010801111111110658e+05
-3.324310277777778101e+05
-5.012567222222222481e+05
-1.995385333333333256e+05
-1.977240000000000000e+05
-5.029418888888888177e+05
-1.996177999999999884e+05
-1.995290000000000000e+05
-1.996129333333333489e+05
-4.993300000000000000e+05
-7.183536190476191696e+05
-4.996746666666666861e+05
-1.995907333333333372e+05
-5.031440555555555038e+05
-5.013742777777778101e+05
-5.010555555555555620e+05
-5.045850555555555620e+05
-5.013142222222222481e+05
-5.012681111111110658e+05
-1.976078666666666686e+05
-1.995555333333333256e+05
-7.155679047619047342e+05
-4.992377222222221899e+05
-3.323975277777778101e+05
-4.993515555555555620e+05
-4.963435000000000000e+05
-7.168986666666667443e+05
-1.976274666666666453e+05
-1.994913333333333430e+05
-1.936688666666666395e+05
-1.997440666666666802e+05
-5.026881666666666861e+05
-4.992947222222222481e+05
-1.997027333333333372e+05
-4.980173333333333139e+05
-1.993014666666666453e+05
-7.184155238095236709e+05
-1.953725333333333547e+05
-1.953822000000000116e+05
-5.029415555555555620e+05
-7.182190952380951494e+05
-4.993996666666666861e+05
-3.325117500000000000e+05
-5.047219444444444962e+05
-1.996262000000000116e+05
-7.151601428571428405e+05
-5.065584444444444962e+05
-5.008695555555555620e+05
-5.049132777777777519e+05
-8.812527083333332557e+05
-4.980089444444444380e+05
-4.996221111111110658e+05
-5.048213888888889342e+05
-1.957446666666666570e+05
-1.957547999999999884e+05
-7.167184761904763291e+05
-5.015209444444444962e+05
-5.010917777777777519e+05
-4.963762222222221899e+05
-5.029391666666666861e+05
-5.014120555555555038e+05
-7.182614285714285215e+05
-5.010682777777777519e+05
-1.993306666666666861e+05
-1.976275333333333256e+05
-5.029550000000000000e+05
-7.212870476190476911e+05
-4.995782222222222481e+05
-4.994718333333333139e+05
-5.011906666666666861e+05
-1.993163999999999942e+05
-7.184343333333332557e+05
-1.996217999999999884e+05
-5.013121111111110658e+05
-4.994865555555555620e+05
-4.994866666666666861e+05
-4.994770555555555620e+05
-5.013098333333333139e+05
-5.762334523809523089e+05
-5.743565952380952658e+05
-7.214104285714285215e+05
-4.994452777777778101e+05
-5.048250555555555620e+05
-5.010246111111110658e+05
-2.017756000000000349e+05
-5.046382777777778101e+05
-5.049206111111110658e+05
-5.013308888888889342e+05
-4.964650555555555620e+05
-1.995179333333333489e+05
-7.183129523809524253e+05
-4.995730000000000000e+05
-3.345655833333333721e+05
-7.196288571428571595e+05
-2.017582666666666628e+05
-7.199104285714285215e+05
-4.993090000000000000e+05
-4.948003888888889342e+05
-5.015755555555555620e+05
-4.995178333333333139e+05
-5.015808333333333139e+05
-7.213495714285714785e+05
-5.027188888888889342e+05
-1.975326000000000058e+05
-5.028237777777777519e+05
-5.049127222222222481e+05
-2.019126666666666570e+05
-5.013848888888888177e+05
-8.800409583333332557e+05
-1.997200000000000000e+05
-4.993956111111110658e+05
-4.991550000000000000e+05
-2.037602666666666628e+05
-7.183208571428571595e+05
-5.045327222222221899e+05
-7.169309047619048506e+05
-5.032811111111111823e+05
-7.185919047619047342e+05
-1.996167999999999884e+05
-5.013513333333333139e+05
-5.011691111111110658e+05
-5.030629444444444962e+05
-7.195645238095236709e+05
-4.963171111111110658e+05
-4.963392777777777519e+05
-7.181423809523809468e+05
-1.995236000000000058e+05
-4.993316111111110658e+05
-1.977843999999999942e+05
-1.997576666666666570e+05
-5.010994444444444962e+05
-7.182432857142856810e+05
-4.996033888888889342e+05
-5.011646111111111823e+05
-4.992256666666666861e+05
-5.010518333333333139e+05
-4.995057222222222481e+05
-7.152884285714285215e+05
-3.327104166666666861e+05
-7.185019047619047342e+05
-5.761358809523808304e+05
-4.995061111111111823e+05
-5.045020000000000000e+05
-4.993359444444444962e+05
-5.029351111111110658e+05
-1.994822666666666628e+05
-5.013767222222222481e+05
-5.013126111111110658e+05
-7.199137142857143190e+05
-4.996114444444444380e+05
-5.011817777777778101e+05
-1.997059333333333489e+05
-1.974297333333333372e+05
-1.975320666666666802e+05
-1.994027999999999884e+05
-7.211699047619048506e+05
-4.993995000000000000e+05
-7.198767619047618937e+05
-1.997022666666666628e+05
-3.322731944444444380e+05
-5.030192777777778101e+05
-5.047389444444444380e+05
-5.013571666666666861e+05
-7.183831428571428405e+05
-5.030448333333333139e+05
-7.211719047619047342e+05
-1.995873333333333139e+05
-5.030040555555555038e+05
-4.945503333333333139e+05
-5.014627777777777519e+05
-4.994013888888889342e+05
-5.032050000000000000e+05
-7.183131428571428405e+05
-7.154025238095239038e+05
-5.047351111111111823e+05
-1.937319333333333198e+05
-8.809090000000000000e+05
-5.030271111111110658e+05
-4.995531111111110658e+05
-4.993603333333333139e+05
-7.183170476190476911e+05
-7.197472857142856810e+05
-5.015142222222222481e+05
-4.997722777777777519e+05
-4.992918333333333139e+05
-5.760055952380952658e+05
-7.182950000000000000e+05
-7.134354761904760962e+05
-5.028413888888889342e+05
-4.964033888888888177e+05
-7.181392857142856810e+05
-7.152959047619047342e+05
-7.199542380952381063e+05
-4.991427777777777519e+05
-7.134673333333332557e+05
-1.956900000000000000e+05
-5.031502777777777519e+05
-7.153378095238095848e+05
-5.013361111111110658e+05
-5.014271666666666861e+05
-7.184480952380952658e+05
-4.994741666666666861e+05
-2.016497999999999884e+05
-4.997113888888888177e+05
-4.995488888888889342e+05
-4.991116666666666861e+05
-1.997214666666666453e+05
-2.015567999999999884e+05
-1.996889333333333198e+05
-4.994860555555555620e+05
-8.785946250000000000e+05
-5.014425000000000000e+05
-4.994438888888889342e+05
-1.998003999999999942e+05
-4.994521111111110658e+05
-7.182628571428571595e+05
-1.996005333333333256e+05
-7.180991428571428405e+05
-4.963540000000000000e+05
-7.196990476190475747e+05
-7.197769523809524253e+05
-4.994938333333333139e+05
-7.179208095238094684e+05
-4.947631111111110658e+05
-7.167233333333333721e+05
-1.997496666666666861e+05
-4.964213333333333139e+05
-7.134960952380951494e+05
-1.994854666666666744e+05
-5.013818333333333139e+05
-1.975720000000000000e+05
-4.962747222222221899e+05
-7.153427142857143190e+05
-5.015467222222222481e+05
-7.196541904761905316e+05
-7.181427142857143190e+05
-5.775349761904762127e+05
-2.018896666666666861e+05
-7.197107142857143190e+05
-3.328754166666666861e+05
-5.065883888888889342e+05
-5.032284444444444962e+05
-7.168887619047618937e+05
-4.993720555555555038e+05
2.404366666666666333e+03
-4.995323333333333139e+05
-7.168940952380952658e+05
-4.996818888888889342e+05
-7.182582857142856810e+05
-5.027873333333333139e+05
7.188766666666667334e+03
-4.960977777777778101e+05
-4.945612777777777519e+05
-5.012301666666666861e+05
-5.008850555555555620e+05
-4.994013888888888177e+05
-1.994429333333333198e+05
-4.962096111111111823e+05
-2.018336000000000058e+05
-7.183733809523809468e+05
-5.011295000000000000e+05
-5.047153333333334303e+05
-7.198601428571428405e+05
-1.996510000000000000e+05
-7.197742380952381063e+05
-1.952983333333333430e+05
-7.182640000000000000e+05
-3.350663055555555620e+05
-1.993063333333333139e+05
-7.212632857142856810e+05
-1.956973333333333139e+05
-7.197198095238095848e+05
-7.198867619047620101e+05
-5.031338888888889342e+05
-5.028979444444444380e+05
-7.182139047619048506e+05
-5.015734444444444380e+05
-5.013180555555555620e+05
-4.994096666666666861e+05
-5.012139444444444380e+05
-7.210794761904763291e+05
-5.029223888888889342e+05
-5.046877777777777519e+05
-5.028583888888889342e+05
-3.327180833333333139e+05
-5.011938333333332557e+05
-7.182713809523809468e+05
-5.012632777777777519e+05
-7.150124761904763291e+05
-8.809610000000000000e+05
-1.995142000000000116e+05
-5.010510000000000000e+05
-3.327794722222221899e+05
-1.995901333333333605e+05
-5.048551111111111823e+05
-5.012481111111110658e+05
-7.154555238095239038e+05
-5.010492777777778101e+05
-7.195984761904763291e+05
-7.153925238095236709e+05
-5.029856666666666861e+05
-5.009930000000000000e+05
-4.994960000000000000e+05
-5.030497777777777519e+05
-5.029772777777777519e+05
-5.010653333333333139e+05
-4.995877222222221899e+05
-1.956112000000000116e+05
-5.028745000000000000e+05
-4.945835555555555038e+05
-7.210619523809523089e+05
-4.993828333333333139e+05
-5.014266111111110658e+05
-1.936802000000000116e+05
-5.012713333333333139e+05
-3.343130833333333139e+05
-7.138777619047620101e+05
-7.182497619047620101e+05
-5.031822777777777519e+05
-8.796316666666667443e+05
-7.152956666666667443e+05
-4.997407777777777519e+05
-4.993024444444444380e+05
-1.998167999999999884e+05
-7.183678095238095848e+05
-5.049289444444444962e+05
-5.011634444444444380e+05
-4.994201666666666861e+05
-7.199168095238095848e+05
-5.010235555555555038e+05
-7.182067619047618937e+05
-1.998277333333333372e+05
-4.993665555555555038e+05
-1.994567999999999884e+05
-4.994134444444444380e+05
-5.013693333333333139e+05
-1.996390000000000000e+05
-7.182233809523809468e+05
-5.065006111111110658e+05
-7.166198571428571595e+05
-7.169294285714285215e+05
-4.994793333333333139e+05
-4.991857777777777519e+05
-7.169798571428571595e+05
-7.182260000000000000e+05
-7.150450476190476911e+05
-4.993380555555555038e+05
-8.837422083333332557e+05
-4.996878888888888177e+05
-4.992593888888888177e+05
-5.014355000000000000e+05
-5.013467777777778101e+05
-1.955182666666666628e+05
-5.031983333333333139e+05
-4.992701111111110658e+05
-7.198523809523809468e+05
-1.957061333333333314e+05
-7.180027619047618937e+05
-4.964231666666666861e+05
-7.168561428571428405e+05
-5.012393333333333139e+05
-5.029084444444444962e+05
-7.184483333333333721e+05
-4.946478888888888177e+05
-1.996944666666666744e+05
-8.837416250000000000e+05
-1.995807333333333372e+05
-4.994370555555555038e+05
-7.179892380952381063e+05
-7.196280000000000000e+05
-5.727713571428570431e+05
-1.936379333333333198e+05
-1.994293999999999651e+05
-3.326125833333333721e+05
-7.181501428571428405e+05
-4.994778888888889342e+05
-5.013405000000000000e+05
-4.993889444444444380e+05
-5.013128888888888177e+05
-7.136711904761904152e+05
-7.154606666666666279e+05
-7.183843809523808304e+05
-4.996850000000000000e+05
-4.994730555555555038e+05
-5.030554444444444380e+05
-5.032307777777778101e+05
-5.027393333333333139e+05
-4.980596111111111823e+05
-4.994218333333333139e+05
-7.183732857142856810e+05
-7.199243809523809468e+05
-5.012402222222222481e+05
-7.195163333333333721e+05
-5.032713333333333139e+05
-7.169436190476191696e+05
-4.995538333333333139e+05
-5.049855000000000000e+05
-7.152950952380951494e+05
-8.784277083333333721e+05
-2.038631333333333314e+05
-7.227705714285714785e+05
-7.198848095238094684e+05
-5.015412777777778101e+05
-7.168346190476190532e+05
-4.995700000000000000e+05
-7.182258571428571595e+05
-7.198976666666667443e+05
-7.183860476190476911e+05
-4.994856111111110658e+05
-5.031979444444444380e+05
-7.183685714285714785e+05
-4.997766666666666861e+05
-7.213490952380952658e+05
-5.031867777777777519e+05
-4.997333333333333139e+05
-7.169437142857143190e+05
-7.152840000000000000e+05
-7.198788571428571595e+05
-7.179419047619048506e+05
-5.012597777777777519e+05
-1.955253999999999942e+05
-7.170202857142856810e+05
-5.010207222222222481e+05
-7.197930000000000000e+05
-4.995095555555555620e+05
-4.996189444444444962e+05
-7.170422857142856810e+05
-7.181894761904763291e+05
-5.046401111111111823e+05
-4.963470000000000000e+05
-7.135313333333332557e+05
-1.995038666666666686e+05
-7.196630952380952658e+05
-2.018483999999999942e+05
-1.994512666666666628e+05
-7.181392857142856810e+05
-7.211504285714285215e+05
-7.199205714285714785e+05
-7.194620952380951494e+05
-7.211229523809524253e+05
-4.995798888888889342e+05
-5.028832222222222481e+05
-7.181015714285714785e+05
-4.981485555555555620e+05
-7.156334285714285215e+05
-1.994668666666666686e+05
-1.954382000000000116e+05
-3.325113611111111240e+05
-4.980708333333333139e+05
-2.016696000000000058e+05
-5.031053333333333139e+05
-4.993215000000000000e+05
5.349666666666665833e+02
-7.135288095238094684e+05
-5.028257777777778101e+05
-4.996090000000000000e+05
-5.009325555555555620e+05
-1.998073999999999942e+05
-4.995322777777777519e+05
-4.990907777777778101e+05
-1.994910000000000000e+05
-5.760930238095236709e+05
-5.029296111111110658e+05
-1.996771333333333314e+05
-7.166383333333333721e+05
-1.994119333333333198e+05
-1.990933333333333139e+05
-5.013844444444444380e+05
-4.979703888888889342e+05
-1.956530666666666802e+05
-5.013903888888889342e+05
-5.014481666666666861e+05
-5.012441111111110658e+05
-5.031196111111111823e+05
-4.992955000000000000e+05
-7.180750476190476911e+05
-4.998333333333333139e+05
-7.137262857142856810e+05
-7.197429523809523089e+05
-5.031344444444444380e+05
-4.963371666666666861e+05
-5.011875555555555620e+05
-5.013051111111111823e+05
-5.029852777777777519e+05
-3.327405833333333139e+05
-1.953790666666666802e+05
-5.009272777777777519e+05
-5.030023888888889342e+05
-1.956522666666666628e+05
-5.015202222222221899e+05
-3.368132500000000000e+05
-5.048913888888889342e+05
-2.037063999999999942e+05
-2.038277333333333372e+05
-1.996428666666666395e+05
-5.775241190476190532e+05
-5.028433333333332557e+05
-5.029895000000000000e+05
-1.993194666666666744e+05
-5.792279761904762127e+05
-5.029751666666666861e+05
-4.996202222222222481e+05
-5.045725000000000000e+05
-4.992580000000000000e+05
-1.995194666666666744e+05
-5.046138888888888177e+05
-3.329384722222221899e+05
-5.012658333333333139e+05
-5.031725555555555620e+05
-1.996109333333333198e+05
-1.976626000000000058e+05
-4.997938888888888177e+05
-7.170682857142856810e+05
-7.169874761904763291e+05
-5.014578888888889342e+05
-4.981584444444444962e+05
-2.014037333333333372e+05
-4.992494444444444380e+05
-5.011062222222222481e+05
-7.151119523809524253e+05
-4.993966666666666861e+05
3.605000000000000000e+02
-1.996227999999999884e+05
-4.992992777777777519e+05
-5.027008888888889342e+05
5.876333333333334394e+02
-5.011886666666666861e+05
-7.212706666666667443e+05
-3.328019166666666861e+05
-5.046432777777777519e+05
-5.030629444444444380e+05
-1.994828666666666395e+05
-4.993325000000000000e+05
-1.992654666666666453e+05
-2.018751333333333605e+05
-7.180549047619048506e+05
-5.012634444444444380e+05
-4.995854444444444380e+05
-4.993452222222222481e+05
-7.197172857142856810e+05
-5.030703333333333139e+05
-5.029485555555555620e+05
-5.027568888888888177e+05
-2.037471333333333605e+05
-1.998191333333333605e+05
-1.996260666666666511e+05
-3.329050833333333139e+05
-5.262666666666666970e+03
4.650266666666666424e+03
-5.780952380952381731e+01
-3.389444444444444798e+03
-1.859333333333333258e+03
-1.819000000000000000e+03
-3.865466666666666242e+03
-1.657888888888888914e+03
-1.894999999999999716e+02
3.600000000000000000e+02
6.519999999999998863e+01
-1.995166666666666742e+03
-1.838166666666666742e+03
-1.920833333333333258e+03
4.433333333333333712e+02
4.303066666666667516e+03
-1.537428571428571331e+03
-3.664666666666666515e+03
-5.919809523809523853e+03
2.598666666666666742e+02
-1.779611111111111086e+03
5.000000000000002132e+01
-2.116000000000000000e+03
5.922222222222222143e+01
-1.840000000000000000e+03
2.446666666666667567e+01
-3.265611111111110858e+03
-6.876666666666666970e+03
-3.638888888888888573e+02
-3.483666666666666515e+03
7.122222222222221433e+01
-3.564444444444445139e+02
2.621999999999999886e+02
-6.239714285714285325e+03
2.073888888888889142e+02
-1.976388888888888914e+03
-1.805722222222222399e+03
-9.844444444444441444e+01
4.613611111111110858e+02
-4.840380952380952294e+03
-3.628000000000000000e+03
2.137800000000000182e+03
2.360555555555555429e+02
-8.026749999999999091e+03
-1.795944444444444343e+03
1.488277777777778283e+03
-2.087866666666666333e+03
-1.702428571428571331e+03
-1.998809523809524080e+03
7.890833333333333712e+02
2.811333333333333258e+02
3.090055555555556111e+03
-2.077599999999999909e+03
-4.458976190476189913e+03
-3.645166666666666060e+03
-7.844444444444444287e+01
-3.510666666666666515e+03
-1.890833333333333258e+03
-2.972222222222224630e+01
1.781111111111111143e+02
1.464444444444444571e+02
-1.157999999999999972e+02
2.336699999999999818e+03
5.720833333333333712e+02
-2.037714285714285779e+03
-1.610000000000000000e+03
4.197222222222221717e+02
-5.447444444444444343e+03
-1.824444444444444343e+03
-1.707972222222221944e+03
2.571333333333333258e+02
-1.767523809523809632e+03
-1.743333333333333258e+03
3.974000000000000341e+02
-3.244444444444445708e+01
-2.072199999999999818e+03
-2.010599999999999909e+03
-1.977777777777777430e+02
7.826666666666665151e+01
-5.331277777777777374e+03
2.293333333333333144e+02
4.783250000000000000e+03
-5.310000000000000000e+02
9.955555555555555713e+01
-8.193333333333332291e+01
2.068333333333333428e+02
1.115333333333333456e+02
-3.873333333333333144e+02
6.162222222222222854e+02
-4.806666666666666288e+01
-9.186666666666667425e+01
-5.804666666666666970e+02
-2.502500000000000000e+02
-1.385000000000000000e+02
-5.517333333333333485e+02
9.425000000000002842e+01
-4.416666666666666856e+02
-1.475833333333333144e+02
2.895555555555555998e+02
-5.817333333333333485e+02
-2.794166666666666856e+02
-2.295000000000000000e+02
-3.158333333333334281e+01
2.118666666666666458e+02
-2.353333333333333428e+02
-3.532666666666665947e+02
-3.256666666666666856e+02
-1.134166666666666856e+02
5.146666666666669698e+01
1.711666666666666856e+02
2.994666666666666970e+02
-7.316666666666667140e+01
-8.098333333333333712e+02
3.438666666666666742e+02
1.512500000000000000e+02
-2.636666666666666856e+02
-4.800000000000000000e+01
6.716666666666667140e+01
-1.342222222222222570e+02
-3.727777777777777146e+01
-2.983333333333333144e+02
8.100000000000000000e+01
6.900444444444444343e+03
9.106666666666667709e+01
-9.993333333333332291e+01
-6.277999999999999545e+02
-6.006666666666669840e+01
1.740666666666666913e+02
1.672500000000000284e+02
1.738888888888888857e+02
2.025999999999999943e+02
1.853333333333334920e+01
5.213333333333334707e+01
1.169333333333333229e+02
-3.326111111111111427e+02
-1.700000000000000000e+01
-3.599166666666666856e+02
-1.644444444444444287e+02
-1.728666666666666458e+02
4.336666666666666856e+02
5.568416666666666970e+03
2.563999999999999773e+02
-2.245333333333333030e+02
4.874000000000000000e+03
-3.873333333333333144e+02
-3.383333333333333712e+02
4.566666666666667140e+01
-3.666666666666666519e+00
6.113333333333332575e+01
-2.141333333333333542e+02
7.089666666666666970e+03
1.245555555555555571e+02
4.341199999999999818e+03
-6.996666666666666288e+02
-3.000833333333333144e+02
4.936388888888889142e+02
-3.480833333333333144e+02
1.110000000000000000e+02
2.435833333333333428e+02
-2.228888888888889142e+02
-6.557777777777777146e+02
-1.775555555555555429e+02
-3.572666666666666515e+02
1.686666666666667425e+01
6.688666666666666970e+03
-2.249999999999997158e+01
-4.151666666666666288e+02
-1.512222222222222570e+02
-3.533333333333333570e+01
4.131999999999999886e+02
3.622666666666667084e+02
-3.156666666666666856e+02
4.253333333333333712e+02
1.099333333333333087e+02
-1.290666666666666913e+02
1.712666666666666515e+02
-2.735555555555555429e+02
-1.882222222222222001e+02
2.469333333333333371e+02
4.325000000000000000e+01
-2.130000000000000000e+02
9.444444444444441444e+01
1.277777777777779100e+01
1.183333333333331439e+01
-5.375333333333333030e+02
3.386666666666667425e+01
-2.778666666666666742e+02
2.200000000000001066e+01
4.577800000000000182e+03
-5.585333333333334167e+02
4.608000000000000114e+02
3.120666666666667197e+02
-7.160000000000002274e+01
-2.758000000000000114e+02
3.868133333333332757e+03
3.101666666666666856e+02
9.533333333333332860e+01
5.420833333333333030e+03
-4.955833333333333144e+02
-1.163333333333333286e+02
-1.468333333333333144e+02
-4.923333333333333712e+02
6.720666666666667197e+02
9.944444444444445708e+01
1.181111111111110858e+02
7.646666666666666856e+01
-4.990000000000000000e+02
2.376388888888889142e+02
1.727222222222222570e+02
1.498888888888888857e+02
-6.776666666666666288e+02
-8.066666666666664298e+01
1.410000000000000000e+02
6.683333333333333712e+02
-4.618333333333333144e+02
-1.265000000000000142e+02
-2.296666666666666572e+02
-2.285555555555555429e+02
5.250000000000000000e+00
-3.505000000000000000e+02
7.249999999999971578e+00
-2.873333333333333144e+02
2.073333333333333144e+02
-1.058333333333331439e+01
9.400000000000000000e+01
-2.105000000000000000e+02
2.211333333333332973e+02
3.238888888888887863e+01
-3.602222222222221717e+02
-2.933333333333333712e+02
-5.376666666666667425e+02
-2.075000000000000284e+02
9.833333333333332860e+01
2.470666666666666629e+02
-2.333333333333335347e+01
-1.532666666666666515e+02
-2.532777777777777430e+02
-5.090833333333333712e+02
-4.226111111111110858e+02
1.091666666666668561e+01
-2.935333333333333030e+02
-1.341999999999999886e+02
-2.855833333333333712e+02
5.791583333333333940e+03
5.286666666666666288e+02
-5.748333333333333712e+02
5.272916666666666060e+03
1.205555555555555571e+02
4.354166666666666856e+02
-4.610000000000000000e+02
2.181333333333333542e+02
-4.080833333333332575e+02
-2.782222222222222285e+02
3.572222222222222143e+01
-8.761904761904763461e+01
-2.494444444444443931e+01
4.874000000000000000e+03
-7.619999999999998863e+01
-2.232500000000000284e+02
4.048666666666666742e+02
-1.381999999999999886e+02
-3.192222222222222285e+02
-1.686666666666666359e+01
-7.273333333333332007e+01
1.894166666666666288e+02
5.797166666666666970e+03
-4.245833333333332575e+02
1.603333333333333144e+02
2.950000000000000000e+01
1.958000000000000114e+02
-1.983333333333333428e+02
7.066666666666665719e+01
4.101999999999999886e+02
-3.905833333333333144e+02
-8.983333333333332860e+01
5.229583333333333030e+03
-2.202666666666666515e+02
3.525000000000000000e+01
-5.812000000000000455e+02
-1.817999999999999829e+02
-4.035333333333333030e+02
-2.828333333333333712e+02
4.275833333333333144e+02
-4.164166666666666856e+02
1.429444444444444287e+02
-1.811111111111110858e+02
-1.097777777777777857e+02
5.467222222222221717e+02
9.255555555555554292e+01
-6.092222222222222854e+02
-2.920833333333333712e+02
-2.960000000000000000e+02
-1.812666666666666799e+02
-1.631333333333333258e+02
-2.795333333333333030e+02
-3.225000000000000000e+01
6.318666666666666742e+02
-4.290000000000000000e+02
-2.745555555555555429e+02
4.711333333333333940e+03
-2.362222222222222570e+02
-3.313333333333333712e+02
-3.610555555555554861e+02
-8.791666666666664298e+01
-6.526000000000001364e+02
2.905555555555555998e+02
-1.254000000000000057e+02
-4.045000000000000000e+02
1.846666666666666572e+02
1.820000000000000000e+02
1.489444444444444287e+02
1.494000000000000057e+02
-2.534666666666666401e+02
-2.233333333333333428e+02
-4.680833333333333712e+02
-9.350000000000000000e+02
3.005833333333333712e+02
-7.996666666666667425e+02
-5.026666666666666572e+01
1.466111111111111143e+02
8.805555555555552871e+01
-3.697333333333332916e+02
5.542666666666666970e+03
4.239999999999997726e+01
3.164444444444444571e+02
5.202222222222222854e+02
-3.738333333333333712e+02
-5.007222222222221717e+02
-4.333333333333334281e+01
-8.200000000000000000e+02
-5.088333333333333144e+02
-6.820000000000004547e+01
7.222222222222224275e+01
3.793599999999999909e+03
-8.053333333333333144e+01
-4.416666666666666288e+02
2.285000000000000000e+02
-9.583333333333342807e+00
1.840666666666666629e+02
-4.614666666666665833e+02
-4.641666666666665719e+01
-7.250000000000000000e+01
6.930000000000000000e+03
7.132888888888887777e+03
-6.590000000000000000e+02
-5.148333333333333712e+02
5.332166666666666970e+03
5.467166666666666060e+03
9.466666666666673891e+00
-4.672500000000000000e+02
-1.557500000000000000e+02
2.857777777777777715e+02
-1.196666666666666714e+02
-1.366666666666666572e+02
-4.685833333333333712e+02
1.480000000000000000e+02
-2.709333333333332803e+02
5.655833333333332575e+02
-5.555833333333333712e+02
-4.380000000000000000e+02
8.620000000000000284e+01
-5.480000000000000000e+02
-5.250000000000001421e+01
1.596666666666666856e+02
-4.374166666666666288e+02
4.436666666666666856e+02
-1.466666666666668561e+01
-2.750000000000000000e+00
-1.145833333333333144e+02
-7.665833333333332575e+02
-2.216666666666666572e+02
-1.262222222222222427e+02
-5.460833333333333712e+02
5.098055555555555998e+02
-1.837999999999999829e+02
-3.382500000000000000e+02
2.374666666666666401e+02
-4.766666666666666288e+02
1.950000000000000000e+02
-7.855555555555555713e+01
-1.372777777777777715e+02
-3.738666666666666742e+02
-6.353333333333332433e+01
4.000000000000000000e+02
4.248000000000000114e+02
-6.564444444444444571e+02
4.239866666666666788e+03
-8.680000000000003979e+01
-2.373333333333333428e+02
5.911111111111114269e+01
-2.443333333333333428e+02
-4.475555555555554861e+02
-3.607333333333333485e+02
-4.996666666666666288e+02
-1.720666666666666629e+02
1.025083333333333258e+03
-1.450833333333333428e+02
-3.229999999999999432e+02
-2.120666666666666629e+02
-1.991111111111111711e+02
-2.822222222222222285e+02
-2.910666666666667197e+02
1.951666666666666856e+02
-2.783888888888889142e+02
-1.250000000000000000e+01
3.166666666666671404e+00
-3.353333333333332575e+02
-6.115000000000000000e+02
-1.830666666666666629e+02
3.708000000000000682e+02
-5.550000000000000000e+02
-1.750833333333333428e+02
-2.783333333333334281e+01
1.389999999999999716e+02
9.146666666666666856e+01
-3.301333333333333258e+02
-1.109333333333333513e+02
2.076666666666666572e+02
6.687555555555555657e+03
1.222222222222222143e+02
1.714000000000000057e+02
-2.266666666666668561e+01
-6.640000000000000568e+01
3.935000000000000000e+02
-2.621111111111110858e+02
5.033333333333333570e+01
-8.850000000000000000e+01
-2.099333333333333371e+02
-9.508333333333332860e+01
-6.883333333333332860e+01
9.211111111111110006e+01
-1.836111111111111143e+02
-3.583333333333314386e+00
-1.149333333333333940e+02
2.274666666666666401e+02
-7.050000000000001421e+01
-6.480000000000000000e+02
-4.915555555555554861e+02
-7.693333333333332575e+02
7.953333333333334565e+01
-2.686666666666666856e+02
1.516000000000000512e+02
1.433333333333334281e+01
-1.084166666666666714e+02
-4.476000000000000227e+02
-1.970833333333333144e+02
7.145333333333333030e+02
-4.882777777777777715e+02
1.088666666666666742e+02
1.931111111111111143e+02
-3.010000000000000000e+02
-1.421999999999999886e+02
-3.637500000000000000e+02
2.318666666666667027e+02
1.108888888888888999e+02
4.109800000000000182e+03
-5.824444444444444571e+02
1.186666666666666998e+02
3.743599999999999909e+03
-4.958666666666666742e+02
-3.873333333333334849e+01
-3.030555555555555429e+02
-8.572222222222222854e+01
-3.278095238095237960e+02
-3.694166666666666288e+02
2.554000000000000057e+02
-1.575555555555555429e+02
1.100000000000000284e+02
-2.990555555555555998e+02
-1.753333333333333144e+02
4.954250000000000000e+03
-1.757500000000000000e+02
7.155555555555555713e+01
6.666666666666856145e-01
1.448666666666666458e+02
1.661666666666666572e+02
-1.112499999999999716e+02
1.276000000000000227e+02
-4.261333333333333826e+02
1.465333333333333314e+02
-3.571666666666666856e+02
-8.800000000000000000e+01
-5.446666666666667425e+02
1.486666666666666856e+02
-5.152666666666666515e+02
-1.525000000000000000e+02
1.987777777777777430e+02
1.713333333333333428e+02
6.921666666666666970e+03
2.933333333333331439e+01
-8.855555555555555713e+01
-4.924166666666666856e+02
-3.063333333333333144e+02
-5.655833333333332575e+02
-3.072666666666666515e+02
-1.838000000000000114e+02
-4.002499999999999432e+02
1.417333333333332916e+02
-4.513333333333333144e+02
-2.345333333333333599e+02
6.930000000000000000e+03
1.235000000000000000e+02
-4.644444444444444997e+01
2.495333333333333030e+02
-4.299333333333332803e+02
1.917333333333333485e+02
-4.996000000000000227e+02
-2.561999999999999886e+02
-3.336111111111110858e+02
-5.070000000000000000e+02
-3.224666666666666401e+02
-4.231111111111111427e+02
-5.694444444444442155e+01
-1.152500000000000000e+02
-4.751999999999999886e+02
-8.886666666666668846e+01
-7.693333333333332575e+02
1.634444444444444571e+02
8.649999999999998579e+01
2.046666666666662948e+01
1.352500000000000000e+02
-9.072222222222224275e+01
-7.786666666666667425e+02
-4.359166666666666288e+02
2.107777777777777999e+02
-3.191666666666666856e+02
5.476666666666666288e+02
-1.162000000000000028e+02
-2.284444444444444571e+02
-2.297500000000000000e+02
6.636333333333333030e+03
1.615000000000000284e+02
-2.706666666666666856e+02
-1.467777777777777715e+02
-4.290000000000000000e+02
-8.166666666666671404e+00
-3.098333333333333712e+02
-3.573999999999999773e+02
-2.364444444444444571e+02
-4.780666666666666060e+02
-2.890000000000000000e+02
-3.511111111111108585e+01
-1.588000000000000114e+02
9.525000000000000000e+01
-1.487499999999999716e+02
-2.144444444444443931e+01
-4.283333333333333712e+02
1.298000000000000114e+02
-2.345555555555555713e+02
-3.799166666666666288e+02
-3.440666666666666629e+02
1.170833333333333570e+02
-7.946666666666667425e+02
-2.980666666666667197e+02
-4.833333333333342807e+00
4.978333333333333030e+03
1.367777777777777999e+02
3.348888888888888573e+02
2.728611111111111427e+02
2.380000000000000000e+02
-4.788333333333333712e+02
-6.003333333333332575e+02
7.722222222222221717e+02
-2.380000000000000000e+02
-3.416666666666666288e+02
-5.143333333333333712e+02
-4.497500000000000000e+02
-7.860000000000000000e+02
-4.960000000000000142e+01
-4.548333333333333144e+02
-4.041666666666666856e+02
1.571111111111111143e+02
-5.426666666666667425e+02
1.602222222222222570e+02
-2.778666666666666742e+02
2.611111111111112493e+01
-2.180000000000000000e+02
-1.424166666666666856e+02
-4.730833333333333144e+02
-4.700000000000007816e+01
9.973333333333332007e+01
3.845266666666666424e+03
5.356916666666666060e+03
-4.278333333333333712e+02
6.622222222222221433e+01
-3.191999999999999886e+02
-1.305833333333333144e+02
-4.084166666666666856e+02
-3.993333333333334281e+02
-2.943333333333333144e+02
8.259999999999999432e+01
-7.584166666666666288e+02
-3.943333333333333144e+02
-2.476666666666666572e+02
-8.611111111111105387e+00
4.750000000000000000e+00
-4.000000000000000000e+02
-4.034166666666666856e+02
-4.422500000000000000e+02
-3.460666666666667197e+02
5.332666666666666515e+02
-1.797333333333333485e+02
3.143999999999999773e+02
-2.610666666666667197e+02
4.447933333333332484e+03
9.222222222222228538e+00
6.327500000000000000e+02
-7.599999999999998579e+01
-3.840666666666667197e+02
-4.816666666666666288e+02
-2.476666666666666572e+02
2.525000000000001421e+01
-5.153333333333332575e+02
-4.839999999999999858e+01
1.984166666666666572e+02
-3.906000000000000227e+02
6.505555555555554292e+01
1.090666666666666771e+02
1.199333333333333513e+02
3.453055555555555998e+02
2.040000000000000000e+02
-2.088666666666666458e+02
1.087333333333333485e+02
8.500000000000000000e+01
-4.733333333333333712e+02
-3.104666666666665833e+02
-1.513333333333333144e+02
2.891666666666666288e+02
-4.321666666666666288e+02
-2.592777777777777715e+02
-2.780833333333333712e+02
-7.666666666666665719e+01
-1.371333333333333542e+02
-1.353333333333333144e+02
-3.303333333333333712e+02
-7.133333333333371051e+00
-9.400000000000000355e+00
-3.164444444444444002e+02
-1.111111111111111285e+02
3.544444444444443576e+01
2.822500000000000000e+02
5.820000000000000284e+01
-6.509999999999998863e+02
-2.200000000000002842e+01
1.816000000000000227e+02
-2.593333333333334778e+01
4.253055555555554861e+02
7.638888888888888005e+02
-2.768000000000000114e+02
-1.041333333333333542e+02
2.991666666666667140e+01
8.813333333333332575e+01
2.804166666666666288e+02
-3.752500000000000000e+02
2.924166666666666856e+02
-1.771666666666666572e+02
2.940833333333333712e+02
6.033333333333334281e+01
5.373333333333332718e+01
-1.324444444444444287e+02
-8.068666666666666742e+02
-5.053999999999999773e+02
2.318333333333333428e+02
-5.725333333333334167e+02
3.233333333333334281e+01
3.761733333333332666e+03
7.416666666666664298e+01
5.482750000000000000e+03
-5.317333333333333485e+02
-4.996000000000000227e+02
-5.558666666666666742e+02
2.041999999999999886e+02
-4.640833333333333712e+02
-9.658333333333331439e+01
3.027333333333332916e+02
6.272222222222224985e+01
5.376166666666666970e+03
-5.045000000000000000e+02
5.275000000000000000e+02
3.055000000000000000e+02
-1.228888888888888715e+02
5.833333333333335702e+01
1.510555555555555713e+02
4.057500000000000000e+02
-7.750000000000000000e+01
-3.403333333333333712e+02
-7.466666666666665719e+01
-1.758666666666666742e+02
1.305333333333333314e+02
-1.573333333333333144e+02
-2.472222222222222570e+02
-4.310000000000000000e+02
-3.016666666666665719e+01
-4.942500000000000000e+02
-9.926666666666662309e+01
-5.906666666666667425e+02
-1.425333333333333314e+02
-6.332000000000000455e+02
-4.285000000000000000e+02
-1.713333333333333144e+02
-1.738000000000000114e+02
-2.225000000000000284e+02
5.343916666666666970e+03
-3.120000000000000000e+02
5.578888888888889142e+02
-4.720000000000000000e+02
1.960000000000000000e+02
-6.325000000000001421e+01
3.137500000000000000e+02
-1.387500000000000000e+02
1.653333333333333712e+02
-3.481999999999999886e+02
1.648333333333333428e+02
-3.958666666666666742e+02
-3.576111111111111427e+02
-3.408000000000000114e+02
-1.102500000000000000e+02
-1.552666666666666515e+02
7.163444444444445253e+03
1.458333333333334281e+01
-4.205555555555557845e+01
-6.285555555555555429e+02
-4.596666666666666288e+02
-3.498333333333333712e+02
-2.132222222222222001e+02
-1.633333333333333215e+01
-1.445000000000000000e+02
-1.012666666666666515e+02
-3.415000000000000000e+02
-9.500000000000001421e+01
2.754666666666666970e+02
-1.628666666666666742e+02
-3.733333333333333712e+02
-4.097500000000000000e+02
-2.611333333333333258e+02
-1.532666666666666515e+02
6.000000000000000000e+01
4.599999999999999645e+00
1.904444444444444287e+02
-6.733333333333325399e+00
4.389166666666666288e+02
8.314666666666665833e+02
1.004444444444444571e+02
-5.197500000000000000e+02
4.710277777777778283e+02
-2.519333333333333371e+02
-1.550000000000000000e+02
-6.086666666666667425e+01
-1.771666666666666572e+02
-5.566000000000000227e+02
-1.257500000000000000e+02
6.213333333333333712e+02
-1.053333333333333286e+02
-9.493333333333335133e+01
-2.534000000000000057e+02
-8.395000000000000000e+02
1.664666666666666401e+02
5.920833333333333712e+02
4.782166666666666970e+03
-1.145833333333333286e+02
1.887500000000000000e+02
1.262000000000000028e+02
-2.243888888888889142e+02
1.922222222222222570e+02
4.443999999999999773e+02
-6.558333333333332860e+01
4.660666666666666060e+02
-5.800000000000000000e+01
2.484666666666666970e+02
-1.235999999999999943e+02
5.226416666666666060e+03
2.219047619047619264e+02
-3.063333333333333712e+02
-3.377777777777777715e+02
-4.253333333333330302e+01
-5.662666666666666515e+02
-1.037333333333333485e+02
-1.169166666666666714e+02
-1.005333333333333314e+02
3.729166666666666288e+02
-6.587333333333333485e+02
-5.581333333333334394e+02
1.929166666666666856e+02
3.344444444444444287e+01
-7.352380952380947576e+01
4.551666666666666288e+02
8.891666666666667140e+01
-2.757500000000000000e+02
3.036666666666666856e+02
-9.513333333333332575e+01
-8.261111111111110006e+01
-1.040555555555555429e+02
2.685333333333333599e+02
-2.482222222222222001e+02
7.661111111111112848e+01
-2.284444444444444571e+02
3.741999999999999886e+02
-6.639999999999999147e+01
1.485555555555555713e+02
3.886000000000000227e+02
1.149999999999998046e+01
5.695416666666666970e+03
-2.623888888888888573e+02
-5.606000000000000227e+02
-7.429333333333333940e+02
-2.810000000000000000e+02
-2.675000000000000711e+01
7.393333333333335133e+01
-4.598333333333333144e+02
1.639999999999997726e+01
3.038000000000000114e+02
-1.630000000000000284e+02
-5.972222222222222854e+01
8.293333333333332291e+01
-8.445833333333332575e+02
3.702666666666667084e+02
-4.620000000000000000e+02
-2.573333333333332718e+01
-6.646666666666666856e+01
5.244250000000000000e+03
-3.703333333333333712e+02
-5.354666666666666970e+02
-4.135333333333334167e+02
-4.150666666666666060e+02
6.856888888888889596e+03
4.072666666666666515e+02
-1.232499999999999716e+02
1.837333333333333485e+02
-9.775000000000000000e+01
-2.167499999999999716e+02
1.493333333333333144e+02
-4.088888888888888573e+02
-4.055000000000000000e+02
4.192199999999999818e+03
-1.482500000000000000e+02
1.803333333333333428e+02
3.265000000000000000e+02
8.098666666666665606e+02
-1.596666666666666572e+02
-1.351666666666666856e+02
-6.391666666666665719e+01
5.979999999999999716e+01
-5.766666666666672114e+01
-8.666666666666657193e+00
-7.845555555555556566e+02
-4.290666666666667197e+02
1.321111111111111143e+02
-1.164444444444444429e+02
3.400000000000000000e+01
-1.480000000000000000e+02
-1.052000000000000028e+02
-3.150000000000000000e+02
5.326583333333333030e+03
4.366666666666665719e+01
-3.645833333333333712e+02
2.083333333333333144e+02
-3.316111111111110290e+02
3.458666666666666742e+02
-2.252222222222222001e+02
2.270000000000000000e+02
-3.341333333333333258e+02
-5.019444444444445139e+02
4.331999999999999886e+02
-4.293333333333333144e+02
1.530666666666666629e+02
1.478888888888889142e+02
5.026666666666667282e+01
-2.944444444444447484e+01
-2.347500000000000284e+02
-3.900555555555555998e+02
1.145999999999999943e+02
-2.946666666666667567e+01
-4.912500000000000000e+02
1.190555555555555429e+02
-2.226666666666666572e+02
4.973333333333330586e+01
-1.115999999999999943e+02
1.426666666666667460e+01
-4.646000000000000227e+02
5.702250000000000000e+03
-5.231111111111110858e+02
3.262500000000000000e+02
-4.520000000000000000e+02
6.983333333333335702e+01
6.768888888888887777e+03
-9.091666666666665719e+01
-7.816666666666667140e+01
5.741666666666665719e+01
3.415333333333333599e+02
-2.973888888888889710e+02
5.001250000000000000e+03
-1.524666666666666401e+02
-3.813333333333332575e+01
7.859999999999999432e+01
2.510277777777777999e+02
-1.680833333333333428e+02
-4.144666666666666970e+02
-4.517333333333334053e+02
-5.364666666666665833e+02
1.193333333333333286e+02
-1.450000000000000000e+02
5.436583333333333030e+03
-4.750666666666667197e+02
-1.638333333333333712e+02
-4.495333333333333030e+02
-2.350000000000000000e+02
-2.118333333333333428e+02
6.751333333333333030e+03
1.391666666666666572e+02
-2.314999999999999716e+02
-2.333333333333332504e+01
-4.945000000000000000e+02
4.076000000000000227e+02
-6.833333333333332860e+01
-3.666666666666666288e+02
2.038333333333333428e+02
8.614666666666668107e+02
1.840000000000000000e+02
-2.089166666666666572e+02
1.510666666666666629e+02
1.538333333333333144e+02
-2.856000000000000227e+02
-3.554166666666667425e+02
9.055555555555555713e+01
-3.000000000000000000e+01
-2.941999999999999886e+02
-9.197142857142855519e+02
5.489166666666666970e+03
-2.191666666666668561e+01
-1.279999999999999716e+02
-1.665555555555555429e+02
2.046666666666665080e+01
3.583333333333371229e+00
2.626666666666666288e+02
-2.737333333333333485e+02
6.800666666666666970e+03
-1.092222222222222285e+02
-2.628888888888888573e+02
1.583333333333314386e+00
-2.177999999999999545e+02
-4.925000000000000000e+01
3.588666666666666742e+02
5.904444444444444571e+02
-2.816000000000000227e+02
-3.271111111111111427e+02
4.329800000000000182e+03
7.247222222222221717e+02
1.133333333333335169e+01
-1.078333333333333286e+02
5.228833333333333030e+03
-3.224166666666667425e+02
1.625333333333333314e+02
8.946666666666666856e+01
-2.519333333333333087e+02
4.231666666666666060e+03
-3.294444444444444002e+02
6.676388888888888005e+02
-2.025333333333333599e+02
2.498333333333333144e+02
-1.106000000000000227e+02
-1.986666666666666572e+02
-1.664166666666666572e+02
3.911333333333333258e+02
5.283333333333333570e+01
9.633333333333330017e+01
-3.825000000000000000e+02
-1.111333333333333542e+02
-3.680833333333333144e+02
7.510000000000000000e+02
-5.492500000000000000e+02
3.816666666666666856e+02
4.255555555555557135e+01
6.621666666666666288e+02
-7.686666666666667425e+01
-1.760666666666666345e+02
-9.175000000000000000e+01
-2.608888888888889142e+02
3.157777777777777715e+02
4.470666666666666060e+02
3.730000000000000000e+02
-5.335555555555555429e+02
6.400000000000001421e+01
3.204666666666666401e+02
5.032083333333333030e+03
-3.430833333333333712e+02
-5.843333333333333712e+02
-8.286666666666664582e+01
-5.097333333333332916e+02
3.778000000000000114e+02
-4.608333333333333712e+02
-5.236000000000000227e+02
6.839222222222222626e+03
-1.380000000000000000e+02
-1.510000000000000000e+02
1.628666666666666458e+02
2.390000000000000000e+02
-5.182777777777778283e+02
-5.103999999999999773e+02
-4.025000000000001421e+01
5.283888888888889142e+02
-5.851111111111111995e+02
-7.580000000000000000e+02
-5.786666666666666288e+02
-3.165555555555555998e+02
-8.316666666666668561e+01
3.460666666666666629e+02
-4.984666666666666970e+02
1.987777777777777430e+02
1.770666666666666629e+02
-1.050000000000000711e+02
1.429999999999999432e+02
3.248055555555555429e+02
-5.883888888888890278e+02
-3.213333333333333712e+02
-8.425000000000000000e+02
1.156666666666666998e+02
-3.897333333333334053e+02
6.022222222222222143e+01
3.827777777777777715e+02
2.444666666666666401e+02
-3.356666666666666856e+02
-1.398888888888889426e+02
-3.136666666666666288e+02
4.681466666666666242e+03
-1.850000000000000284e+02
-2.276666666666666572e+02
5.860333333333334167e+02
3.233333333333334991e+01
-1.354166666666666856e+02
2.901666666666666288e+02
1.712222222222222570e+02
-1.200000000000000000e+01
1.151111111111111285e+02
-7.373333333333334849e+01
5.332833333333333030e+03
6.463888888888888005e+02
-1.033333333333333393e+01
8.033333333333334281e+01
4.611111111111124039e+00
-6.991666666666667425e+02
-2.393333333333333428e+02
-2.687500000000000000e+02
-6.904444444444444571e+02
-2.621111111111110858e+02
-4.605000000000000000e+02
-1.522500000000000000e+02
-1.589999999999999716e+02
1.398333333333333428e+02
1.404000000000000057e+02
-2.037222222222222001e+02
4.548000000000000000e+03
-6.666666666666666288e+02
2.823333333333333712e+02
-2.325333333333333599e+02
2.443611111111111711e+02
-2.530000000000000000e+02
4.949250000000000000e+03
-2.167333333333332916e+02
2.305333333333333030e+02
7.155555555555554292e+01
1.254444444444444429e+02
6.720111111111110404e+03
-6.339999999999997726e+01
4.871250000000000000e+03
1.332000000000000171e+02
-2.961111111111110858e+02
-3.043333333333333712e+02
-1.736666666666666856e+02
-4.166666666666668561e+01
-7.567500000000000000e+02
-3.091333333333333258e+02
-2.892666666666666515e+02
4.919166666666666856e+02
-4.825000000000000000e+02
4.283333333333334991e+01
1.516666666666666572e+02
-3.783999999999999773e+02
5.759333333333331666e+02
3.202666666666667084e+02
-5.060000000000000000e+02
2.237333333333333485e+02
-2.843333333333333712e+02
-1.448000000000000114e+02
-2.378333333333333428e+02
-3.166666666666666856e+02
-6.316666666666665719e+01
1.731999999999999886e+02
3.459166666666666856e+02
-2.230666666666666913e+02
9.840000000000000568e+01
-4.314666666666665833e+02
-1.215999999999999943e+02
-1.772000000000000455e+02
2.484999999999999716e+02
-3.072500000000000000e+02
6.355555555555554292e+01
-2.122666666666666515e+02
4.610666666666666060e+03
-3.229999999999999432e+02
1.263333333333333428e+02
-1.443333333333333144e+02
3.078000000000000114e+02
3.215333333333333599e+02
-5.689333333333332803e+02
-3.483333333333332860e+01
-1.229166666666666430e+02
6.880000000000000000e+02
4.803333333333333712e+02
5.727777777777779278e+01
-2.008666666666666458e+02
-2.375999999999999943e+02
7.201333333333333258e+02
-2.512777777777777999e+02
-4.198333333333333144e+02
2.113333333333333428e+02
4.939083333333333940e+03
-7.580000000000000000e+02
-5.938888888888887863e+01
3.148666666666666742e+02
6.779333333333333030e+03
2.617777777777777715e+02
2.616666666666666856e+02
6.766666666666666970e+03
6.857888888888889596e+03
-4.266666666666651508e+00
-1.704000000000000057e+02
6.914333333333333030e+03
-2.653333333333333854e+01
-1.503333333333333428e+02
-5.098666666666666742e+02
5.059583333333333030e+03
-2.358888888888888857e+02
5.011111111111112137e+01
5.316416666666666970e+03
-1.908333333333333428e+02
6.776888888888889596e+03
5.900000000000000000e+01
-2.943333333333333144e+02
-1.355833333333333144e+02
-6.339999999999999147e+01
6.408666666666666742e+02
5.328833333333333940e+03
-1.317499999999999716e+02
1.415555555555555713e+02
-4.101999999999999886e+02
-1.195333333333333456e+02
1.654666666666666686e+02
2.211999999999999886e+02
-1.605000000000000000e+02
-2.540000000000001279e+01
5.151416666666666970e+03
-1.494000000000000057e+02
-1.770000000000000000e+02
-2.448666666666667027e+02
-4.680000000000000000e+02
-4.791666666666666856e+02
-3.623333333333333144e+02
1.859166666666666572e+02
-2.097333333333332916e+02
6.495000000000000000e+02
-1.252666666666666941e+02
-2.091666666666666572e+02
1.832666666666666799e+02
4.727777777777777146e+01
-3.490833333333333712e+02
-4.609166666666666856e+02
5.599333333333333030e+03
-7.586666666666664582e+01
-5.257333333333333485e+02
-7.757999999999999545e+02
-3.271111111111111427e+02
1.688000000000000114e+02
-1.961666666666666572e+02
-1.514666666666666401e+02
-1.500000000000000000e+02
2.770666666666667197e+02
-1.545714285714285836e+02
-5.007500000000000000e+02
4.840750000000000000e+03
4.016666666666668561e+01
-5.127777777777777146e+01
-3.927333333333333485e+02
-2.035555555555555429e+02
-3.270833333333333712e+02
-2.304666666666666401e+02
-1.458333333333334281e+01
-1.375000000000000000e+02
-6.862777777777779420e+02
1.367777777777777999e+02
-2.154666666666666401e+02
7.094666666666668107e+02
-5.197500000000000000e+02
-1.207500000000000000e+02
-4.339166666666666288e+02
-9.650000000000001421e+01
-4.084666666666666401e+02
-1.306666666666666856e+02
2.815833333333333712e+02
-1.775833333333333144e+02
6.564666666666665833e+02
1.001333333333333258e+02
-1.628666666666666458e+02
-1.337500000000000000e+02
-4.002666666666666515e+02
-1.786666666666666856e+02
-2.600000000000000000e+01
3.284444444444444002e+02
-1.520666666666666913e+02
6.253333333333334565e+01
-1.530833333333333428e+02
3.770666666666666629e+02
-2.870000000000000568e+02
-7.400000000000000000e+01
1.547222222222222001e+02
-2.812666666666666515e+02
9.726666666666665151e+01
-2.285000000000000000e+02
-6.766666666666665719e+01
-6.039444444444444571e+02
1.400000000000000000e+01
-9.233333333333334281e+01
3.065333333333333030e+02
9.742857142857143060e+01
2.313333333333333428e+02
-1.967333333333333485e+02
1.600000000000001066e+01
3.648000000000000114e+02
4.203933333333333394e+03
-2.973333333333333144e+02
1.391666666666666572e+02
-4.382666666666667084e+02
-2.920666666666667197e+02
1.482777777777777715e+02
-3.456000000000000227e+02
-1.179166666666666572e+02
3.284444444444444002e+02
-2.907777777777777715e+02
-2.702500000000000000e+02
-3.756666666666666288e+02
-3.042500000000000000e+02
1.241333333333333542e+02
3.643333333333333144e+02
-7.446666666666666856e+01
-2.280000000000000000e+02
2.237999999999999545e+02
-1.787777777777777430e+02
9.125000000000000000e+01
-1.796666666666666572e+02
2.585333333333333030e+02
1.444166666666666856e+02
6.922222222222221433e+01
-1.651111111111111143e+02
1.785833333333333144e+02
-1.697500000000000000e+02
-3.515333333333333030e+02
-3.361333333333333258e+02
-4.800000000000000000e+01
6.718000000000000000e+03
1.422222222222222285e+02
5.307083333333333030e+03
2.068666666666667027e+02
-3.995333333333333030e+02
-3.866666666666665719e+01
-3.655555555555554292e+01
4.678666666666666060e+03
9.233333333333332860e+01
4.755800000000000182e+03
7.227777777777778567e+01
4.533333333333334991e+01
-1.355333333333333599e+02
-7.850000000000000000e+01
1.024000000000000057e+02
-1.187999999999999972e+02
-2.883999999999999773e+02
6.798777777777777374e+03
-6.296666666666666288e+02
5.092666666666666970e+03
-3.951111111111111427e+02
9.086666666666667425e+01
1.441999999999999886e+02
5.344444444444444997e+01
-2.933333333333333144e+02
-1.783999999999999488e+02
-2.200000000000000178e+00
-3.207777777777777715e+02
1.504166666666666572e+02
6.160000000000000142e+01
2.334000000000000057e+02
-1.674000000000000057e+02
-8.499999999999971578e+00
-1.444444444444445708e+01
-4.686666666666666288e+02
-5.186000000000000227e+02
-2.201666666666666572e+02
-4.811666666666666856e+02
1.060666666666666487e+02
1.793333333333333428e+02
5.393333333333332291e+01
1.444166666666666572e+02
5.133333333333333570e+01
-4.391666666666668561e+01
-1.372500000000000000e+02
-6.372222222222220722e+01
1.264444444444444571e+02
5.753999999999999773e+02
-3.330000000000000000e+02
-1.809166666666666572e+02
-1.824000000000000057e+02
-4.624166666666666288e+02
-6.777500000000000000e+02
1.690833333333333428e+02
-5.750666666666667197e+02
-4.449999999999997158e+01
-5.508333333333335702e+01
4.918250000000000000e+03
1.056666666666666714e+02
6.565000000000000000e+02
-1.189166666666666572e+02
2.005555555555555429e+02
2.828666666666666742e+02
5.460000000000000142e+01
7.713333333333332575e+01
5.599083333333333030e+03
-4.683333333333333712e+02
2.055555555555555429e+02
-8.195833333333333712e+02
-1.129444444444444571e+02
-1.471666666666666572e+02
2.582500000000000000e+02
-8.105555555555558556e+01
8.266666666666667140e+01
-2.256666666666666572e+02
5.791666666666666288e+02
-8.766666666666664298e+01
8.061111111111112848e+01
-2.130555555555555713e+02
-8.077777777777775725e+01
6.560833333333333712e+02
7.906666666666666288e+02
9.900000000000001421e+01
9.600000000000000000e+01
-7.641666666666667425e+02
9.544444444444447129e+01
3.676666666666666856e+02
1.077777777777779100e+01
-3.216000000000000227e+02
-5.806000000000000227e+02
1.768000000000000114e+02
-1.385000000000000000e+02
-2.062666666666667084e+02
-8.291666666666665719e+01
1.684166666666666856e+02
-1.574000000000000057e+02
-6.366666666666668561e+01
-1.605000000000000000e+02
1.847500000000000000e+02
-3.607777777777778283e+02
-5.750833333333332575e+02
-1.864166666666666572e+02
-3.261111111111110716e+01
3.112222222222221717e+02
-1.479333333333333087e+02
5.634444444444444571e+02
-2.158666666666667027e+02
1.547333333333333201e+02
5.133333333333333570e+01
-5.476666666666666288e+02
1.382666666666666799e+02
-2.482222222222222001e+02
-2.328666666666666458e+02
2.029444444444444287e+02
2.432500000000000000e+02
4.660000000000000000e+02
-9.173999999999999773e+02
3.987333333333333485e+02
5.848833333333333030e+03
-3.900000000000000000e+02
4.043333333333333712e+02
1.086666666666666288e+02
-3.106666666666667354e+01
-5.958333333333332860e+01
-6.746666666666669698e+01
-1.376666666666666856e+02
1.692666666666666799e+02
-2.527777777777777430e+02
-4.565833333333333712e+02
2.194444444444444287e+02
1.035555555555555429e+02
1.795555555555555713e+02
5.188888888888889284e+01
-1.161111111111110539e+01
-2.926666666666666856e+02
1.117777777777777715e+02
-6.606666666666666288e+02
-3.842500000000000000e+02
-5.415555555555556566e+02
-2.625555555555555998e+02
3.540000000000000000e+02
-1.075333333333333030e+02
-5.346666666666666288e+02
2.880666666666667197e+02
2.093888888888888857e+02
-1.421666666666666572e+02
8.846666666666665435e+01
-5.462222222222221717e+02
-4.213999999999999773e+02
-7.516666666666668561e+01
-4.380833333333333144e+02
-6.073333333333332718e+01
5.783333333333333570e+01
-4.900000000000000000e+01
-2.775555555555555998e+02
-1.056666666666666572e+02
3.311333333333333258e+02
1.940833333333333144e+02
-1.500000000000000000e+01
-5.072500000000000000e+02
8.666666666666674956e+00
1.162222222222222143e+02
5.760000000000000000e+02
-9.516666666666667140e+01
4.824533333333333758e+03
-3.618888888888889142e+02
1.021666666666666714e+02
-1.071333333333333542e+02
8.997866666666666788e+03
3.697933333333333394e+03
-9.716666666666665719e+01
-5.293999999999999773e+02
-3.539333333333333371e+02
1.197333333333333201e+02
-4.526666666666666288e+02
-5.005333333333333030e+02
-1.245000000000000142e+02
8.394444444444444287e+01
-2.216666666666666572e+02
1.513888888888888289e+02
8.122222222222222854e+01
-2.021111111111110858e+02
4.981733333333333576e+03
-4.952222222222222285e+02
5.489666666666666060e+03
-1.450833333333333144e+02
-3.148333333333333144e+02
-4.120000000000000000e+02
-2.504666666666666401e+02
-4.206000000000000227e+02
-4.260833333333333712e+02
6.705000000000000000e+03
4.406600000000000364e+03
-1.788000000000000114e+02
-3.813333333333332575e+01
-3.088000000000000114e+02
5.079416666666666970e+03
9.305555555555558556e+01
-2.583333333333371229e+00
1.595000000000000000e+02
4.601999999999999886e+02
-5.161111111111108585e+01
-1.311666666666666856e+02
2.485000000000000000e+02
1.838888888888889142e+02
-2.420666666666666629e+02
-2.258888888888888857e+02
-2.518888888888888857e+02
-4.662666666666667084e+02
-3.850833333333333144e+02
5.449833333333333030e+03
1.207777777777777857e+02
-1.233999999999999488e+02
-2.546666666666667140e+02
-1.372500000000000284e+02
-1.739166666666666856e+02
-3.568666666666666742e+02
3.415000000000000000e+02
6.861777777777777374e+03
-5.039333333333332803e+02
4.823333333333333940e+03
5.157333333333333485e+02
1.960666666666666629e+02
3.773333333333333428e+01
-9.061111111111108585e+01
-3.475000000000000000e+02
5.872222222222222143e+01
8.440000000000000568e+01
4.350000000000000000e+01
1.821111111111110858e+02
2.819333333333333940e+02
1.848888888888889142e+02
6.195555555555556566e+02
-4.588000000000000114e+02
1.350000000000000000e+02
-2.385333333333333599e+02
4.636666666666666856e+02
4.186000000000000227e+02
8.377777777777778567e+01
-1.378000000000000114e+02
-3.638888888888891415e+01
-1.747222222222221717e+02
7.650000000000000000e+01
9.786666666666666003e+01
-1.825000000000000000e+02
-2.705833333333333712e+02
-4.128333333333333712e+02
-1.997777777777777999e+02
-6.473333333333332007e+01
-1.155333333333333030e+02
-5.704666666666666970e+02
-3.053333333333334920e+01
4.465000000000000000e+03
-3.183333333333333712e+02
3.376666666666666856e+02
2.698333333333333144e+02
-1.340000000000000000e+02
-8.573333333333332007e+01
4.926999999999999886e+02
-4.803333333333333144e+02
1.723999999999999773e+02
5.374500000000000000e+03
-2.180000000000000071e+01
-6.844000000000000909e+02
-8.975000000000000000e+01
1.188888888888888715e+02
-5.510666666666667197e+02
6.846777777777777374e+03
2.660833333333333712e+02
-1.553333333333333428e+02
4.958000000000000114e+02
2.220666666666666913e+02
-2.506666666666667354e+01
1.250666666666666487e+02
-4.865333333333333030e+02
-1.188888888888891415e+01
1.313333333333333428e+02
3.250000000000001421e+01
-2.256666666666666856e+02
-5.235833333333332575e+02
-1.502500000000000000e+02
-4.459333333333332803e+02
3.852466666666666242e+03
-5.017500000000000000e+02
5.672000000000000000e+03
-4.680000000000000000e+02
-5.823333333333333712e+02
-6.190833333333332575e+02
1.728000000000000114e+02
-6.076666666666666288e+02
-5.783333333333332575e+02
-1.667500000000000000e+02
-5.853999999999999773e+02
-3.480666666666667197e+02
-6.952666666666666515e+02
-1.279999999999999716e+02
-5.494666666666665833e+02
-4.899999999999997158e+01
4.695666666666666970e+03
-4.750000000000000000e+02
1.959166666666666856e+02
-7.320666666666667197e+02
-5.294666666666666970e+02
3.527999999999999545e+02
3.125000000000000000e+01
3.138000000000000114e+02
1.267999999999999972e+02
-3.916111111111111427e+02
-4.380833333333333712e+02
-4.512500000000000000e+02
-4.780000000000000000e+02
-1.686666666666666572e+02
-6.296666666666666288e+02
6.911555555555555657e+03
-4.001333333333333258e+02
-2.135000000000000000e+02
1.348333333333333428e+02
-3.206000000000000227e+02
-1.361666666666666856e+02
6.227777777777777146e+01
4.675277777777778283e+02
-2.287500000000000000e+02
1.875333333333333030e+02
-2.741666666666666856e+02
2.871904761904762040e+02
1.583888888888888857e+02
3.160000000000000142e+01
-1.610555555555555429e+02
1.837333333333333201e+02
1.387777777777777715e+02
-2.556666666666666572e+02
-3.909166666666666288e+02
4.870333333333334167e+02
-4.605555555555556424e+01
-1.979166666666666856e+02
4.110000000000000000e+02
9.493333333333330870e+01
-4.180000000000000000e+02
3.460000000000000142e+01
-4.824666666666665833e+02
-3.640833333333333712e+02
2.330000000000000000e+02
-3.371111111111111427e+02
-1.877333333333333485e+02
-4.103333333333333712e+02
-2.927777777777777715e+02
3.011111111111110361e+01
3.131999999999999886e+02
-5.677777777777779278e+01
-1.177333333333333769e+02
-1.261666666666666572e+02
4.634933333333332484e+03
5.579500000000000000e+03
-5.590000000000000000e+02
-4.990555555555554861e+02
-6.933333333333334281e+01
-1.775000000000000000e+02
1.033333333333333428e+02
7.211111111111112848e+01
5.104666666666666970e+02
-1.288666666666667027e+02
5.277500000000000000e+02
-5.590833333333333712e+02
4.951133333333333212e+03
2.326666666666669059e+01
-4.262777777777778283e+02
6.930000000000000000e+03
2.633333333333334281e+01
-1.082000000000000171e+02
-8.011111111111110006e+01
-3.125999999999999659e+02
-1.781666666666666572e+02
-1.275000000000000000e+01
-2.861999999999999318e+02
-9.325000000000000000e+01
-1.496666666666667140e+02
-2.726666666666666856e+02
-3.340000000000000568e+02
-6.407999999999999545e+02
-5.146666666666665435e+01
-8.216666666666667425e+02
2.583333333333333215e+01
1.948666666666666742e+02
3.790555555555555998e+02
1.569999999999999716e+02
5.806666666666667425e+02
-2.694444444444444571e+02
-6.583333333333335702e+01
-4.140000000000001990e+01
6.494666666666665833e+02
-3.136666666666666288e+02
-1.075000000000000284e+02
4.618199999999999818e+03
9.500000000000000000e+01
-1.750833333333333428e+02
3.253333333333333144e+02
1.881333333333333258e+02
-3.075555555555555998e+02
-4.624444444444444002e+02
6.777333333333333485e+02
1.719999999999997797e+01
1.746666666666666572e+02
-4.188333333333333144e+02
-4.891333333333333258e+02
2.689333333333333371e+02
-2.593333333333333144e+02
1.243333333333333428e+02
-8.090833333333332575e+02
4.649333333333333940e+02
5.477833333333333030e+03
5.771388888888888005e+02
-3.554666666666666970e+02
2.966000000000000227e+02
-2.425833333333333428e+02
-2.777999999999999545e+02
-1.732500000000000284e+02
-5.566666666666668561e+01
-4.933333333333333144e+02
-5.175833333333333712e+02
-3.775000000000002842e+01
-2.761111111111111427e+02
-5.537500000000000000e+02
-3.127777777777777146e+01
-2.831666666666666856e+02
9.383333333333334281e+01
-5.762000000000000455e+02
-3.329333333333333371e+02
-9.040000000000004832e+01
-1.158333333333333286e+02
8.805555555555554292e+01
-4.566666666666666856e+02
-4.722500000000000000e+02
-4.641999999999999886e+02
-1.974666666666666970e+02
-3.447777777777777715e+02
-5.423333333333333712e+02
-1.420000000000000000e+02
9.346666666666666856e+01
-1.103333333333333144e+02
-3.547500000000000000e+02
-5.351111111111110858e+02
-1.376111111111111143e+02
1.380000000000000071e+01
-1.615833333333333144e+02
-4.262500000000000000e+02
-2.318666666666667027e+02
1.430000000000000000e+02
-4.200000000000000000e+02
-4.000000000000000000e+01
-2.084000000000000057e+02
-4.048666666666666742e+02
3.260000000000000000e+02
-1.450000000000000000e+02
3.650000000000000000e+02
-5.204166666666667425e+02
1.132500000000000000e+02
-1.138888888888887685e+01
-2.622500000000000000e+02
-3.000000000000000000e+02
-4.268333333333333144e+02
2.566666666666665719e+01
5.621333333333334394e+02
-2.390000000000000000e+02
-1.967222222222221717e+02
-1.515000000000000000e+02
-4.696666666666666288e+02
-2.914444444444444002e+02
-5.250000000000000000e+02
-2.544444444444444855e+02
6.376666666666666288e+02
-1.796666666666666572e+02
-9.444444444444192177e-01
5.308000000000000000e+03
5.190666666666666060e+03
1.089333333333333229e+02
-5.250000000000000000e+02
4.640000000000000000e+02
1.562500000000000000e+02
-1.348888888888888857e+02
-2.501111111111111143e+02
-8.483333333333333712e+02
3.045333333333333599e+02
-2.164666666666666970e+02
1.590833333333333144e+02
5.673333333333332718e+01
8.358333333333334281e+01
-1.600000000000000000e+02
2.241999999999999886e+02
-3.623333333333333144e+02
-7.640000000000000568e+01
-1.671111111111110858e+02
-3.925333333333333599e+02
-4.931111111111110858e+02
5.415916666666666970e+03
-2.107777777777777999e+02
9.288888888888891415e+01
5.498166666666666060e+03
1.611111111111104721e+00
1.205555555555555571e+02
6.746000000000000000e+03
-4.021666666666667425e+02
4.285333333333333030e+02
-3.749166666666666288e+02
4.479999999999999716e+01
5.533333333333333570e+01
-1.000000000000000000e+02
5.500333333333333030e+03
5.206666666666669840e+01
-2.840000000000000000e+02
6.772000000000000000e+03
-1.044000000000000057e+02
-1.605000000000000000e+02
5.983333333333334991e+01
-2.668000000000000114e+02
-4.804666666666665833e+02
-8.980000000000002558e+01
-6.933999999999999773e+02
-3.020833333333333144e+02
3.108000000000000114e+02
-7.210000000000000000e+02
-3.002500000000000000e+02
1.628333333333333428e+02
1.658333333333333428e+02
-4.715000000000000568e+02
-7.870000000000000000e+02
-4.297500000000000000e+02
-1.750666666666666629e+02
-5.111999999999999318e+02
1.772222222222222570e+02
-1.556666666666666572e+02
1.448888888888888857e+02
-8.147500000000000000e+02
1.350000000000000000e+02
7.059999999999999432e+01
1.375555555555555713e+02
-3.040666666666666629e+02
-1.665000000000000000e+02
9.488888888888889994e+01
-2.283333333333333428e+02
-3.102222222222222285e+02
-1.602666666666666799e+02
6.776555555555555657e+03
-2.497333333333332916e+02
-2.433333333333333428e+02
-1.650833333333333428e+02
-1.942666666666666799e+02
-1.110000000000000000e+02
-1.455999999999999943e+02
-1.450833333333333144e+02
-6.452666666666666515e+02
-2.010666666666666629e+02
-4.380000000000000000e+02
-4.498333333333333712e+02
-1.770000000000000000e+02
-1.276666666666666572e+02
-3.159444444444444571e+02
8.561111111111110006e+01
-3.418888888888888573e+02
-6.960000000000000000e+02
-2.555000000000000000e+02
6.004166666666667425e+02
-1.689166666666666572e+02
-3.383333333333333144e+02
-1.390833333333333144e+02
1.851333333333333542e+02
-4.990000000000000000e+02
-1.814666666666666401e+02
1.775000000000000000e+02
4.398666666666666174e+02
1.054000000000000057e+02
6.758888888888889596e+03
1.973333333333332718e+01
-2.921999999999999886e+02
-6.564444444444444571e+02
1.124444444444444571e+02
-3.793999999999999773e+02
-1.181666666666666572e+02
-6.391666666666667140e+01
-5.028333333333333144e+02
-4.367500000000000000e+02
-7.513333333333332575e+01
-5.305555555555559266e+01
-6.683333333333331439e+01
1.608333333333334281e+01
-2.174444444444444571e+02
-5.166666666666665009e+01
-5.118000000000000114e+02
-2.966666666666665009e+01
-2.973333333333330231e+01
2.000000000000000000e+00
-4.661333333333333258e+02
-2.765238095238094616e+02
-4.717500000000000000e+02
4.305555555555557845e+01
1.072222222222222285e+02
-5.083333333333333144e+02
1.426666666666666572e+02
-4.749166666666666288e+02
-1.870833333333333428e+02
-1.184000000000000057e+02
-6.397222222222221717e+02
5.385333333333333030e+03
-3.488888888888889142e+02
-3.756666666666666856e+02
-2.893333333333333712e+02
-4.791999999999999886e+02
6.058333333333332575e+02
1.848666666666667027e+02
-4.469166666666666288e+02
5.027083333333333030e+03
-1.309166666666666856e+02
