1.164962500000000000e+06
8.173967500000000000e+05
5.573704296875000000e+04
5.053144687500000000e+05
7.791582500000000000e+05
8.682340000000000000e+05
1.182193500000000000e+06
3.987727187500000000e+05
1.527955875000000000e+06
4.335471875000000000e+05
4.012476875000000000e+05
7.883568750000000000e+05
1.187457125000000000e+06
7.768528125000000000e+05
3.886553437500000000e+05
4.548148750000000000e+05
3.796489687500000000e+05
4.135476562500000000e+05
4.136371875000000000e+05
1.186345500000000000e+06
1.232411250000000000e+06
3.893330312500000000e+05
3.340621093750000000e+04
1.603530250000000000e+06
7.679663125000000000e+05
4.217132421875000000e+04
2.006275500000000000e+06
4.028277500000000000e+05
7.814424375000000000e+05
7.876284375000000000e+05
8.907335625000000000e+05
7.936435000000000000e+05
1.170659000000000000e+06
4.146396250000000000e+05
4.439065312500000000e+05
1.631310375000000000e+06
4.287890312500000000e+05
3.860190000000000000e+05
1.206756500000000000e+06
3.920860156250000000e+04
4.398560937500000000e+04
1.594124000000000000e+06
1.160779500000000000e+06
3.908196250000000000e+05
3.988256562500000000e+05
3.576887890625000000e+04
1.187129125000000000e+06
4.305856640625000000e+04
3.008257226562500000e+04
7.836372500000000000e+05
1.165867500000000000e+06
4.135330000000000000e+05
4.157729375000000000e+05
1.262279250000000000e+06
8.739521250000000000e+05
8.079653125000000000e+05
8.887707500000000000e+05
8.301181250000000000e+05
8.097613750000000000e+05
7.854116250000000000e+05
8.299763750000000000e+05
1.598379125000000000e+06
4.396638437500000000e+05
1.183605000000000000e+06
8.377011250000000000e+05
7.884350000000000000e+05
1.578924750000000000e+06
1.147737000000000000e+06
4.907778750000000000e+05
3.945065625000000000e+05
1.682570000000000000e+06
8.530630625000000000e+05
8.041091875000000000e+05
1.925875625000000000e+06
8.177298750000000000e+05
8.135401250000000000e+05
8.860280625000000000e+05
7.876623750000000000e+05
4.321070625000000000e+05
1.161227750000000000e+06
3.802091875000000000e+05
1.540922125000000000e+06
4.465890937500000000e+05
4.356683125000000000e+05
1.908887000000000000e+06
7.768563750000000000e+05
1.257093000000000000e+06
1.536989000000000000e+06
1.270052250000000000e+06
1.218038250000000000e+06
8.307778125000000000e+05
8.926693750000000000e+05
3.865246875000000000e+05
1.205502500000000000e+06
7.985225000000000000e+05
4.057380937500000000e+05
1.657991000000000000e+06
4.093920937500000000e+05
4.167859062500000000e+05
8.596441250000000000e+05
7.732000000000000000e+05
8.817968125000000000e+05
3.959421484375000000e+04
4.822993750000000000e+04
4.183426250000000000e+05
4.874354687500000000e+05
8.160576250000000000e+05
3.840979687500000000e+04
1.209345375000000000e+06
1.251054375000000000e+06
7.914038750000000000e+05
1.187217500000000000e+06
1.636238000000000000e+06
4.450827343750000000e+04
1.149396625000000000e+06
3.887905625000000000e+05
3.826180859375000000e+04
4.018106875000000000e+05
4.178351875000000000e+05
1.607475125000000000e+06
4.147770625000000000e+05
8.260082500000000000e+05
4.186416875000000000e+05
1.249605625000000000e+06
7.832353125000000000e+05
1.208876875000000000e+06
4.282168750000000000e+05
1.192549250000000000e+06
2.714324218750000000e+04
8.202977500000000000e+05
8.275020625000000000e+05
3.835650625000000000e+05
1.558604250000000000e+06
1.596952875000000000e+06
3.461252343750000000e+04
8.167256250000000000e+05
7.781924375000000000e+05
7.881767500000000000e+05
8.319743125000000000e+05
1.285294875000000000e+06
8.074358125000000000e+05
8.161575000000000000e+05
1.128262125000000000e+06
4.110786562500000000e+05
3.551288671875000000e+04
7.709486250000000000e+05
1.641511625000000000e+06
4.000324687500000000e+05
7.967405000000000000e+05
4.327738125000000000e+05
1.169947500000000000e+06
7.809143125000000000e+05
1.941470125000000000e+06
4.461529062500000000e+05
4.319096875000000000e+05
8.125781875000000000e+05
2.713102250000000000e+06
4.707494140625000000e+04
8.616301250000000000e+05
4.726879375000000000e+05
1.185214375000000000e+06
1.152928000000000000e+06
4.810284375000000000e+04
4.174246562500000000e+05
7.958426250000000000e+05
2.352074500000000000e+06
4.199263437500000000e+05
4.753204687500000000e+05
4.119873750000000000e+05
4.502236875000000000e+05
1.609601125000000000e+06
4.284056562500000000e+05
3.710471093750000000e+04
7.871041875000000000e+05
7.814206250000000000e+05
1.134846375000000000e+06
1.116307500000000000e+06
1.163144625000000000e+06
4.241840000000000000e+05
1.545692875000000000e+06
1.597072000000000000e+06
4.296494921875000000e+04
4.343220312500000000e+05
1.551971875000000000e+06
8.508672500000000000e+05
1.528387250000000000e+06
4.389206250000000000e+05
1.640432125000000000e+06
7.672227500000000000e+05
1.219575500000000000e+06
8.928414375000000000e+05
4.388624062500000000e+05
2.079429125000000000e+06
8.886255625000000000e+05
4.461642812500000000e+05
4.811966406250000000e+04
8.234467500000000000e+05
1.276656625000000000e+06
8.497355000000000000e+05
7.740111250000000000e+05
1.660101250000000000e+06
8.697510625000000000e+05
1.182752625000000000e+06
1.143979125000000000e+06
1.549610125000000000e+06
1.220007000000000000e+06
1.557867625000000000e+06
1.196063500000000000e+06
1.592959000000000000e+06
4.919930937500000000e+05
4.591513125000000000e+05
2.025760500000000000e+06
2.023965625000000000e+06
9.076589375000000000e+05
7.700221250000000000e+05
1.243378250000000000e+06
7.335670000000000000e+05
1.632734125000000000e+06
1.198057375000000000e+06
1.642818875000000000e+06
4.731879062500000000e+05
1.206156750000000000e+06
1.567600750000000000e+06
1.207934500000000000e+06
1.507831125000000000e+06
4.329823750000000000e+05
4.146087812500000000e+05
1.526841250000000000e+06
1.883049250000000000e+06
5.605335156250000000e+04
1.547314375000000000e+06
1.627626375000000000e+06
1.189001250000000000e+06
8.159905625000000000e+05
8.006828125000000000e+05
1.252822125000000000e+06
7.555341250000000000e+05
4.884313671875000000e+04
1.600690250000000000e+06
1.166949000000000000e+06
1.634295375000000000e+06
4.243713437500000000e+05
8.975849375000000000e+05
1.212255875000000000e+06
8.653275625000000000e+05
8.650111250000000000e+05
1.185744375000000000e+06
1.201421625000000000e+06
1.578799500000000000e+06
8.524266875000000000e+05
1.508228750000000000e+06
2.740137000000000000e+06
7.449496250000000000e+05
8.007603750000000000e+05
1.184761625000000000e+06
1.504851125000000000e+06
8.346423125000000000e+05
4.101237500000000000e+05
1.555455875000000000e+06
2.325743250000000000e+06
1.915409125000000000e+06
1.498333750000000000e+06
1.554618500000000000e+06
3.076582500000000000e+06
1.141016125000000000e+06
4.196917500000000000e+05
1.118880250000000000e+06
2.099597750000000000e+06
1.237307125000000000e+06
4.645476875000000000e+05
8.418127500000000000e+05
1.631278000000000000e+06
1.641247500000000000e+06
1.207905250000000000e+06
7.866920000000000000e+05
4.021331250000000000e+05
1.640155500000000000e+06
1.594352250000000000e+06
1.936271500000000000e+06
8.469159375000000000e+05
1.948692500000000000e+06
1.202436000000000000e+06
1.513019000000000000e+06
1.108202500000000000e+06
4.127602812500000000e+05
1.452006875000000000e+06
1.579532000000000000e+06
8.665748750000000000e+05
1.575061500000000000e+06
4.075028750000000000e+05
1.514509375000000000e+06
7.931482500000000000e+05
3.745632500000000000e+05
8.747696250000000000e+05
1.866776250000000000e+06
2.259481000000000000e+06
8.611793750000000000e+05
4.465384062500000000e+05
4.321777187500000000e+05
1.587570000000000000e+06
7.768316250000000000e+05
4.466336250000000000e+05
1.089228500000000000e+06
4.484451250000000000e+05
2.584040000000000000e+06
1.146414250000000000e+06
7.599632500000000000e+05
1.082709250000000000e+06
8.805848750000000000e+05
1.126337500000000000e+06
4.781943437500000000e+05
1.252948500000000000e+06
1.095785375000000000e+06
6.867010000000000000e+05
4.505362500000000000e+05
2.171985250000000000e+06
8.551021250000000000e+05
1.017550250000000000e+06
2.073225250000000000e+06
1.416740000000000000e+06
1.203161125000000000e+06
1.493191875000000000e+06
3.908792500000000000e+05
1.060149375000000000e+06
5.980070625000000000e+05
1.039028625000000000e+06
3.997042187500000000e+05
1.372589125000000000e+06
4.025577812500000000e+05
4.009718125000000000e+05
3.779422812500000000e+05
1.528688375000000000e+06
9.531481875000000000e+05
1.112940250000000000e+06
1.049117750000000000e+06
7.660095000000000000e+05
3.731809375000000000e+05
8.488281875000000000e+05
9.438182500000000000e+05
1.599642500000000000e+06
3.112835000000000000e+05
7.568070625000000000e+05
1.761693625000000000e+06
3.947970625000000000e+05
5.993829375000000000e+05
6.744910625000000000e+05
5.993295000000000000e+05
1.057246093750000000e+05
9.884283125000000000e+05
8.247233125000000000e+05
1.037592000000000000e+06
1.408866500000000000e+06
6.528235000000000000e+05
3.672179375000000000e+05
1.103642500000000000e+06
9.399962500000000000e+05
1.416785250000000000e+06
1.465528000000000000e+06
1.028467000000000000e+06
5.481441250000000000e+05
5.625142500000000000e+05
2.548289062500000000e+05
3.077904062500000000e+05
6.158021250000000000e+05
8.281074375000000000e+05
1.184077000000000000e+06
4.117833750000000000e+05
1.091930250000000000e+06
5.383338750000000000e+05
1.007465937500000000e+06
1.443598125000000000e+05
8.549015000000000000e+05
1.112037875000000000e+06
9.713140000000000000e+05
7.464508125000000000e+05
6.641810000000000000e+05
8.604113750000000000e+05
7.010998750000000000e+05
3.016211562500000000e+05
6.357484375000000000e+05
5.351576250000000000e+05
7.044408125000000000e+05
8.104572500000000000e+05
7.349516250000000000e+05
8.722795625000000000e+05
6.743143125000000000e+05
9.151327500000000000e+05
6.170845625000000000e+05
4.224759062500000000e+05
6.559143750000000000e+05
3.141865312500000000e+05
6.292272500000000000e+05
9.496091250000000000e+05
5.061032500000000000e+05
9.025132500000000000e+05
8.574626875000000000e+05
7.088809375000000000e+05
6.415172500000000000e+05
5.274645000000000000e+05
4.061892812500000000e+05
1.062904500000000000e+06
3.354570937500000000e+05
2.676302500000000000e+05
9.815151250000000000e+05
8.273077500000000000e+05
2.083390312500000000e+05
3.279825937500000000e+05
6.142450625000000000e+05
5.570812500000000000e+05
7.423212500000000000e+05
4.898396875000000000e+05
7.265915625000000000e+05
5.377392500000000000e+05
4.357618437500000000e+05
7.425873750000000000e+05
8.573326250000000000e+05
4.416163125000000000e+05
1.200633250000000000e+06
3.068709062500000000e+05
6.719641875000000000e+05
5.456896250000000000e+05
7.147717500000000000e+05
4.204898750000000000e+05
1.880372187500000000e+05
6.157431250000000000e+05
4.977433437500000000e+05
2.865725000000000000e+05
4.431593125000000000e+05
5.422242500000000000e+05
8.627206875000000000e+05
3.021242812500000000e+05
3.726269375000000000e+05
1.046550062500000000e+06
5.881068750000000000e+05
4.529082500000000000e+05
5.431397500000000000e+05
5.329518125000000000e+05
6.249635000000000000e+05
4.127604687500000000e+05
3.550383750000000000e+05
4.128810000000000000e+05
6.735505625000000000e+05
3.804783437500000000e+05
5.358022500000000000e+05
2.782257500000000000e+05
2.833795000000000000e+05
8.050490000000000000e+05
5.267498125000000000e+05
5.169385937500000000e+05
3.987198750000000000e+05
4.433331250000000000e+05
7.795010000000000000e+05
6.321963125000000000e+05
5.990333750000000000e+05
5.524278125000000000e+05
5.985515625000000000e+05
7.719175000000000000e+05
5.855113750000000000e+05
3.521620312500000000e+05
6.728642500000000000e+05
5.158616875000000000e+05
3.166038437500000000e+05
2.484545937500000000e+05
6.201911250000000000e+05
5.053800312500000000e+05
4.153923750000000000e+05
4.781528437500000000e+05
8.153865000000000000e+05
6.148188125000000000e+05
5.347462500000000000e+05
6.016918750000000000e+05
9.312246250000000000e+05
6.009201250000000000e+05
3.054058125000000000e+05
4.496551562500000000e+05
5.431349375000000000e+05
6.498015000000000000e+05
2.904288750000000000e+05
6.701336250000000000e+05
4.692672187500000000e+05
6.745431250000000000e+05
2.967633750000000000e+05
9.517418125000000000e+05
7.767158750000000000e+05
6.515529375000000000e+05
8.748605000000000000e+05
8.965694375000000000e+05
5.268654375000000000e+05
2.615220781250000000e+05
1.100256750000000000e+06
7.009045000000000000e+05
4.973571875000000000e+05
7.902982500000000000e+05
5.454725000000000000e+05
7.190222500000000000e+05
8.321638750000000000e+05
5.601383125000000000e+05
7.455143750000000000e+05
3.429705625000000000e+05
8.480250000000000000e+05
3.622855000000000000e+05
6.014788125000000000e+05
7.255452500000000000e+05
4.373644062500000000e+05
8.861777500000000000e+05
6.198273750000000000e+05
7.581147500000000000e+05
6.489452500000000000e+05
5.539364375000000000e+05
6.160317500000000000e+05
6.140120625000000000e+05
4.898725000000000000e+05
4.780828437500000000e+05
2.967893750000000000e+05
4.003593750000000000e+05
5.184297187500000000e+05
9.451247500000000000e+05
3.062672812500000000e+05
7.929806250000000000e+05
6.726207500000000000e+05
6.399590000000000000e+05
4.385903437500000000e+05
3.312135625000000000e+05
5.812096250000000000e+05
5.742067500000000000e+05
5.444811875000000000e+05
6.724278125000000000e+05
3.117650625000000000e+05
8.011043750000000000e+05
5.087608125000000000e+05
5.651386875000000000e+05
4.632827500000000000e+05
7.676435000000000000e+05
3.363715000000000000e+05
5.426372500000000000e+05
1.076855125000000000e+06
4.356688125000000000e+05
8.054402500000000000e+05
1.132518750000000000e+06
5.079244062500000000e+05
4.550307500000000000e+05
8.443973125000000000e+05
8.409860625000000000e+05
2.580161250000000000e+05
4.828040625000000000e+05
6.012665625000000000e+05
6.056866875000000000e+05
6.647260000000000000e+05
6.267490000000000000e+05
2.470398750000000000e+05
5.426838750000000000e+05
6.015203750000000000e+05
5.151673750000000000e+05
3.580284687500000000e+05
5.679006875000000000e+05
5.545639375000000000e+05
3.256583750000000000e+05
1.254571875000000000e+05
7.153252500000000000e+05
4.263623125000000000e+05
3.818357812500000000e+05
5.642990000000000000e+05
1.224211000000000000e+06
8.867638750000000000e+05
3.920650937500000000e+05
4.415072187500000000e+05
3.284582500000000000e+05
6.626239375000000000e+05
9.091148750000000000e+05
9.416801875000000000e+05
3.092093750000000000e+05
6.439875000000000000e+05
1.552238750000000000e+05
3.116366562500000000e+05
4.192021875000000000e+05
7.142946250000000000e+05
2.934394062500000000e+05
2.483677500000000000e+05
6.962003125000000000e+05
5.754973750000000000e+05
6.629028750000000000e+05
5.281815625000000000e+05
4.463950625000000000e+05
4.954443437500000000e+05
5.816715625000000000e+05
6.036028750000000000e+05
1.765099687500000000e+05
3.093105937500000000e+05
5.367125000000000000e+05
4.954894062500000000e+05
9.950790625000000000e+05
2.274582500000000000e+05
7.621100000000000000e+05
7.111421250000000000e+05
7.476560000000000000e+05
8.577871875000000000e+05
8.104956875000000000e+05
2.805225000000000000e+05
3.806309375000000000e+05
7.894480000000000000e+05
2.322412812500000000e+05
2.968707187500000000e+05
6.415641875000000000e+05
5.563353750000000000e+05
5.618274375000000000e+05
3.894788750000000000e+05
3.075350937500000000e+05
8.973163125000000000e+05
2.102397500000000000e+05
1.536882968750000000e+05
8.789346250000000000e+05
5.930627500000000000e+05
4.608293750000000000e+05
5.516872500000000000e+05
8.830940000000000000e+05
3.720595312500000000e+05
2.874063125000000000e+05
5.875498125000000000e+05
3.668580937500000000e+05
8.339086875000000000e+05
6.615942500000000000e+05
5.921315000000000000e+05
1.064121000000000000e+06
7.374643750000000000e+05
7.143291875000000000e+05
5.686761875000000000e+05
3.946797500000000000e+05
1.553478750000000000e+05
7.745696250000000000e+05
3.032017187500000000e+05
9.482007500000000000e+05
4.301939375000000000e+05
5.230064687500000000e+05
6.257987500000000000e+05
8.566492500000000000e+05
5.391763750000000000e+05
4.879400312500000000e+05
3.313744687500000000e+05
6.984680625000000000e+05
5.748926250000000000e+05
5.118890312500000000e+05
4.856213750000000000e+05
2.691091250000000000e+05
6.394972500000000000e+05
6.785576250000000000e+05
4.467110312500000000e+05
4.778128750000000000e+05
1.033641062500000000e+06
6.650906875000000000e+05
7.114556250000000000e+05
5.305433125000000000e+05
4.003231875000000000e+05
9.615273125000000000e+05
8.405892500000000000e+05
5.504795625000000000e+05
7.851492500000000000e+05
7.270541250000000000e+05
5.500549375000000000e+05
6.014596250000000000e+05
9.163096250000000000e+05
5.458985000000000000e+05
5.392832500000000000e+05
2.103221875000000000e+05
3.417275625000000000e+05
4.428398125000000000e+05
4.281357500000000000e+05
2.107913125000000000e+05
5.258753125000000000e+05
4.739328125000000000e+05
2.972529062500000000e+05
6.880320625000000000e+05
4.974098750000000000e+05
4.731888750000000000e+05
4.725676875000000000e+05
4.329218750000000000e+05
1.915397812500000000e+05
3.441789375000000000e+05
4.329584062500000000e+05
6.548291250000000000e+05
6.664716250000000000e+05
6.083310625000000000e+05
1.809995000000000000e+05
6.010660000000000000e+05
6.573995000000000000e+05
4.729285312500000000e+05
6.735303750000000000e+05
3.828472500000000000e+05
2.719078125000000000e+05
8.983860625000000000e+05
3.977563125000000000e+05
6.063611250000000000e+05
2.793005312500000000e+05
2.635316875000000000e+05
7.591315625000000000e+05
5.571565625000000000e+05
5.143643125000000000e+05
6.647542500000000000e+05
3.326419375000000000e+05
1.762196250000000000e+05
5.177505937500000000e+05
8.971796250000000000e+05
3.280255312500000000e+05
6.495648125000000000e+05
2.771081250000000000e+05
6.480133750000000000e+05
2.678725000000000000e+05
8.811287500000000000e+05
7.935154375000000000e+05
5.285085625000000000e+05
4.738426562500000000e+05
5.855880000000000000e+05
1.525860000000000000e+05
4.751929062500000000e+05
5.862370625000000000e+05
4.384739687500000000e+05
3.434680937500000000e+05
6.087383750000000000e+05
4.421227500000000000e+05
3.857541250000000000e+05
2.971791875000000000e+05
6.107791250000000000e+05
3.313496250000000000e+05
4.220505625000000000e+05
8.700070000000000000e+05
8.818056250000000000e+05
2.454291406250000000e+05
3.207656875000000000e+05
7.033755000000000000e+05
4.777225312500000000e+05
3.145334375000000000e+05
7.706352500000000000e+05
2.736053437500000000e+05
7.828160000000000000e+05
1.178919453125000000e+05
5.180954687500000000e+05
2.680333125000000000e+05
1.040615000000000000e+06
4.515931875000000000e+05
3.762539687500000000e+05
4.268054062500000000e+05
3.973475312500000000e+05
4.599726250000000000e+05
4.450099687500000000e+05
4.233062812500000000e+05
2.665737812500000000e+05
5.162058125000000000e+05
3.720458750000000000e+05
3.810021875000000000e+05
4.494956250000000000e+05
4.099692500000000000e+05
2.543322187500000000e+05
2.326664687500000000e+05
9.328154375000000000e+05
5.273487500000000000e+05
1.274390000000000000e+05
4.033810312500000000e+05
1.324581406250000000e+05
7.913123750000000000e+05
6.945059375000000000e+05
1.748769375000000000e+05
2.860538125000000000e+05
3.024240000000000000e+05
4.215174375000000000e+05
4.318746875000000000e+05
6.634715000000000000e+05
7.452443750000000000e+05
5.005843125000000000e+05
1.020163562500000000e+06
5.679585000000000000e+05
1.734663125000000000e+05
4.356156875000000000e+05
1.286263515625000000e+05
5.889453750000000000e+05
7.277462500000000000e+05
3.492196250000000000e+05
2.935519375000000000e+05
2.947137812500000000e+05
2.202592812500000000e+05
1.236152250000000000e+06
5.905131250000000000e+05
2.155103906250000000e+05
7.074238750000000000e+05
1.060607500000000000e+06
7.215748125000000000e+05
1.475949218750000000e+05
5.218502500000000000e+05
6.075841250000000000e+05
8.704628750000000000e+05
1.924634687500000000e+05
1.361863750000000000e+05
6.292513750000000000e+05
6.281369375000000000e+05
5.054404687500000000e+05
6.676697500000000000e+05
4.032183750000000000e+05
3.341850625000000000e+05
4.544155625000000000e+05
3.565844375000000000e+05
5.355208750000000000e+05
2.811072500000000000e+05
5.448033750000000000e+05
5.769273125000000000e+05
7.342997500000000000e+05
4.795439062500000000e+05
2.146412968750000000e+05
2.679085000000000000e+05
6.521750625000000000e+05
6.299255625000000000e+05
1.675063437500000000e+05
5.860004375000000000e+05
8.810176875000000000e+05
2.381345312500000000e+05
7.699534375000000000e+05
4.815664375000000000e+05
5.440241250000000000e+05
4.750282812500000000e+05
8.222578125000000000e+05
5.187539375000000000e+05
6.212751250000000000e+05
2.179093593750000000e+05
5.071052500000000000e+05
5.195573437500000000e+05
1.116528671875000000e+05
6.930055000000000000e+05
4.649084062500000000e+05
5.290783750000000000e+05
6.327368125000000000e+05
3.538860625000000000e+05
5.896600000000000000e+05
1.163282250000000000e+06
6.924986250000000000e+05
9.047115000000000000e+05
3.729377812500000000e+05
1.267194000000000000e+06
2.452074843750000000e+05
5.204994687500000000e+05
1.094238750000000000e+06
2.897538750000000000e+05
1.610410937500000000e+05
2.830900937500000000e+05
4.876990625000000000e+05
8.811300000000000000e+05
5.490957500000000000e+05
5.827598125000000000e+05
7.759729375000000000e+05
5.750407500000000000e+05
8.069873125000000000e+05
5.473582500000000000e+05
4.647608437500000000e+05
3.885092187500000000e+05
5.642290000000000000e+05
8.836850000000000000e+05
7.987795625000000000e+05
7.454925625000000000e+05
4.271838125000000000e+05
3.721655937500000000e+05
4.487032812500000000e+05
4.229355000000000000e+05
4.766750625000000000e+05
5.285060625000000000e+05
4.097099375000000000e+05
6.291632500000000000e+05
4.543559687500000000e+05
4.582125312500000000e+05
5.419687500000000000e+05
4.793986875000000000e+05
4.564164687500000000e+05
3.657600000000000000e+05
2.809164062500000000e+05
8.817220000000000000e+05
5.779251250000000000e+05
9.462228750000000000e+05
5.944672500000000000e+05
8.605655625000000000e+05
4.326933125000000000e+05
3.665972500000000000e+05
4.766026875000000000e+05
6.765534375000000000e+05
7.089963750000000000e+05
8.778481250000000000e+05
8.316387500000000000e+05
3.386246875000000000e+05
5.011922500000000000e+05
1.474018281250000000e+05
1.062305250000000000e+06
3.871455000000000000e+05
1.580508125000000000e+05
8.606824375000000000e+05
6.117071250000000000e+05
3.993361562500000000e+05
4.037116562500000000e+05
4.484257500000000000e+05
6.024522500000000000e+05
1.120930937500000000e+05
5.519471875000000000e+05
9.609063750000000000e+05
5.058015000000000000e+05
5.615567500000000000e+05
6.060843750000000000e+05
5.401426250000000000e+05
6.167714375000000000e+05
4.587383750000000000e+05
6.007248750000000000e+05
4.479653750000000000e+05
1.191354375000000000e+06
6.629036250000000000e+05
3.290305000000000000e+05
5.715365625000000000e+05
7.626206250000000000e+05
5.648926875000000000e+05
3.238990000000000000e+05
8.405087500000000000e+05
4.915502500000000000e+05
2.198029062500000000e+05
4.614342812500000000e+05
2.537675625000000000e+05
5.652667500000000000e+05
3.658890937500000000e+05
7.700675000000000000e+05
7.144621875000000000e+05
7.880820000000000000e+05
1.198330937500000000e+05
6.244198125000000000e+05
6.554870000000000000e+05
8.160682500000000000e+05
4.706555000000000000e+05
5.493088750000000000e+05
4.432839062500000000e+05
4.694220937500000000e+05
6.424531875000000000e+05
6.418660000000000000e+05
3.734534375000000000e+05
4.699610625000000000e+05
2.824442187500000000e+05
4.295194375000000000e+05
2.131627031250000000e+05
2.963687500000000000e+05
2.026020937500000000e+05
8.495696250000000000e+05
5.516096875000000000e+05
7.073325000000000000e+05
4.717625937500000000e+05
2.289645781250000000e+05
9.834935937500000000e+04
9.478005000000000000e+05
9.683166250000000000e+05
3.812371250000000000e+05
4.325403750000000000e+05
1.301280937500000000e+05
5.346999375000000000e+05
3.177565000000000000e+05
5.192240625000000000e+05
2.897961875000000000e+05
9.827679687500000000e+04
2.832928125000000000e+05
5.792932500000000000e+05
1.066409531250000000e+05
5.268055625000000000e+05
7.338410000000000000e+05
3.897858750000000000e+05
2.720016875000000000e+05
1.347632968750000000e+05
2.590154062500000000e+05
7.957941875000000000e+05
1.132603437500000000e+05
3.882361562500000000e+05
7.542897500000000000e+05
2.919732500000000000e+05
4.836688125000000000e+05
5.031183750000000000e+05
2.134702187500000000e+05
7.963293750000000000e+05
2.525186875000000000e+05
4.267968437500000000e+05
4.652136562500000000e+05
3.547324687500000000e+05
1.216297187500000000e+05
6.501286875000000000e+05
8.829026250000000000e+05
1.239236015625000000e+05
5.423193750000000000e+05
6.358872500000000000e+05
5.437883750000000000e+05
5.330658125000000000e+05
1.366591875000000000e+05
3.394512812500000000e+05
7.007880625000000000e+05
3.951481875000000000e+05
8.690457500000000000e+05
8.280740625000000000e+05
5.061036562500000000e+05
3.607512812500000000e+05
4.862288125000000000e+05
3.057748750000000000e+05
4.634380625000000000e+05
7.077226250000000000e+05
3.977376875000000000e+05
4.337374062500000000e+05
3.465002500000000000e+05
3.600361562500000000e+05
1.312178750000000000e+05
1.004737968750000000e+05
4.860732187500000000e+05
3.130918437500000000e+05
9.770403125000000000e+05
5.999263750000000000e+05
5.915832500000000000e+05
5.127056875000000000e+05
4.929285000000000000e+05
1.054124125000000000e+06
5.499016250000000000e+05
5.892811250000000000e+05
5.764920625000000000e+05
7.730648125000000000e+05
7.057531250000000000e+05
4.364123125000000000e+05
2.313945000000000000e+05
6.453000000000000000e+05
2.901438125000000000e+05
5.503783750000000000e+05
5.287251875000000000e+05
7.661049375000000000e+05
6.809986875000000000e+05
3.287594062500000000e+05
5.955329375000000000e+05
1.086947031250000000e+05
1.247714765625000000e+05
3.818309062500000000e+05
2.309877031250000000e+05
5.279006875000000000e+05
6.276768750000000000e+05
8.723070000000000000e+05
4.634516250000000000e+05
3.986830937500000000e+05
8.119835625000000000e+05
1.329430000000000000e+05
7.043488125000000000e+05
6.167066250000000000e+05
6.325650625000000000e+05
6.673988125000000000e+05
5.477599375000000000e+05
6.227629375000000000e+05
5.443795625000000000e+05
2.589642187500000000e+05
8.734613750000000000e+05
5.484373750000000000e+05
4.276246875000000000e+05
8.064865625000000000e+05
4.449606250000000000e+05
1.339143906250000000e+05
5.489530625000000000e+05
1.249251875000000000e+05
2.047055000000000000e+05
7.231213750000000000e+05
4.977111562500000000e+05
1.089571250000000000e+05
4.609131250000000000e+05
1.472400468750000000e+05
2.846670937500000000e+05
6.016987500000000000e+05
2.727467187500000000e+05
9.262285937500000000e+04
9.046406250000000000e+05
7.237872500000000000e+05
5.131444375000000000e+05
5.579640625000000000e+05
8.513749375000000000e+05
8.278285000000000000e+05
6.884474375000000000e+05
3.811220625000000000e+05
1.062344625000000000e+06
3.039379062500000000e+05
1.076429875000000000e+06
5.208605625000000000e+05
1.322830312500000000e+05
1.384380937500000000e+05
4.485513750000000000e+05
3.762826250000000000e+05
1.432900937500000000e+05
1.175706406250000000e+05
1.511955000000000000e+05
7.725201875000000000e+05
2.804183125000000000e+05
7.239203750000000000e+05
4.019372500000000000e+05
1.117134765625000000e+05
6.221946875000000000e+05
2.290957812500000000e+05
5.578124375000000000e+05
1.137193671875000000e+05
4.298811875000000000e+05
3.414058125000000000e+05
3.570836875000000000e+05
4.008602500000000000e+05
7.847457500000000000e+05
5.339580625000000000e+05
4.406840312500000000e+05
1.270618750000000000e+05
5.626723125000000000e+05
3.489482500000000000e+05
4.908705625000000000e+05
5.814488750000000000e+05
2.591668906250000000e+05
4.047784062500000000e+05
3.411117500000000000e+05
3.090131562500000000e+05
5.945786250000000000e+05
4.316097187500000000e+05
3.093857187500000000e+05
5.546283125000000000e+05
2.746683437500000000e+05
4.923459375000000000e+05
5.365830000000000000e+05
5.418156250000000000e+05
4.702043437500000000e+05
5.420852500000000000e+05
6.893955000000000000e+05
4.082980000000000000e+05
4.652392500000000000e+05
1.154436953125000000e+05
1.149990000000000000e+06
4.762536250000000000e+05
6.707086250000000000e+05
4.595260937500000000e+05
3.876338750000000000e+05
1.521233281250000000e+05
5.654468750000000000e+05
6.624140625000000000e+05
5.676622500000000000e+05
3.697383750000000000e+05
1.080543625000000000e+06
5.594230625000000000e+05
4.409971250000000000e+05
3.272832500000000000e+05
1.149848906250000000e+05
7.668446250000000000e+05
1.148910625000000000e+05
7.306640000000000000e+05
9.096207500000000000e+05
7.923080625000000000e+05
7.481905000000000000e+05
1.604583750000000000e+05
2.474042187500000000e+05
8.411531875000000000e+05
9.434653750000000000e+05
4.361504375000000000e+05
1.169242187500000000e+05
1.389989531250000000e+05
7.102145625000000000e+05
5.708456250000000000e+05
6.975380625000000000e+05
2.359439062500000000e+05
5.262252500000000000e+05
4.448510312500000000e+05
3.499021875000000000e+05
1.153156250000000000e+05
4.962404062500000000e+05
6.723801250000000000e+05
2.583825625000000000e+05
2.882003125000000000e+05
4.956485312500000000e+05
1.117176250000000000e+05
5.778141875000000000e+05
7.064145625000000000e+05
4.645955937500000000e+05
3.945518437500000000e+05
5.431809375000000000e+05
5.145910312500000000e+05
9.321169375000000000e+05
3.433465937500000000e+05
2.816705625000000000e+05
3.694154687500000000e+05
1.052282578125000000e+05
3.001697500000000000e+05
1.156187968750000000e+05
1.109122812500000000e+05
5.203539062500000000e+05
6.297662500000000000e+05
8.221076875000000000e+05
2.904959375000000000e+05
5.345048125000000000e+05
7.023442500000000000e+05
3.385992500000000000e+05
6.581595625000000000e+05
7.013310000000000000e+05
3.662945312500000000e+05
4.019953750000000000e+05
9.700725000000000000e+05
2.967534062500000000e+05
6.740668750000000000e+05
4.038667812500000000e+05
3.643913125000000000e+05
7.608301250000000000e+05
7.111832500000000000e+05
2.524965625000000000e+05
5.480034375000000000e+05
1.171372812500000000e+05
1.245722031250000000e+05
4.660390312500000000e+05
1.032903375000000000e+06
7.035223750000000000e+05
5.866653750000000000e+05
9.335370312500000000e+04
6.525356875000000000e+05
2.635623437500000000e+05
1.017102000000000000e+06
5.006933750000000000e+05
2.986788125000000000e+05
3.012610312500000000e+05
3.555733437500000000e+05
6.955563125000000000e+05
1.164298000000000000e+06
7.646857500000000000e+05
1.303874218750000000e+05
1.339876250000000000e+06
2.849509375000000000e+05
2.662163125000000000e+05
7.986598125000000000e+05
5.250750625000000000e+05
9.817970625000000000e+05
6.818451875000000000e+05
3.344976875000000000e+05
2.386797031250000000e+05
6.099012500000000000e+05
5.175655000000000000e+05
1.178134218750000000e+05
3.597044062500000000e+05
6.055021250000000000e+05
5.946609375000000000e+05
8.280050000000000000e+04
3.973185625000000000e+05
5.350003750000000000e+05
3.501319375000000000e+05
3.499197187500000000e+05
1.504711562500000000e+05
7.773469375000000000e+05
6.332735000000000000e+05
2.382860937500000000e+05
5.173818125000000000e+05
3.397325312500000000e+05
2.889230937500000000e+05
4.349743750000000000e+05
5.875395625000000000e+05
7.668263125000000000e+05
4.716311250000000000e+05
3.311665000000000000e+05
5.545782500000000000e+05
4.936703125000000000e+05
3.367073437500000000e+05
4.412063125000000000e+05
3.537138750000000000e+05
5.526753750000000000e+05
9.884879375000000000e+05
3.020292500000000000e+05
2.693921562500000000e+05
8.793724375000000000e+05
1.009720000000000000e+05
7.595744375000000000e+05
5.561571250000000000e+05
4.151010937500000000e+05
2.869128437500000000e+05
3.479496562500000000e+05
2.844196250000000000e+05
5.482227500000000000e+05
4.935644062500000000e+05
5.943330625000000000e+05
5.673576250000000000e+05
6.748155625000000000e+05
7.822835156250000000e+04
4.748303125000000000e+05
7.705445625000000000e+05
2.701031875000000000e+05
8.759476562500000000e+04
1.093784375000000000e+05
3.330025937500000000e+05
7.387145625000000000e+05
3.669603125000000000e+05
2.325913437500000000e+05
8.349442500000000000e+05
5.494367500000000000e+05
1.108670546875000000e+05
3.759165000000000000e+05
6.130394375000000000e+05
1.163623906250000000e+05
2.725370000000000000e+05
4.508127500000000000e+05
3.699627812500000000e+05
8.133792500000000000e+05
2.405278125000000000e+05
7.226455625000000000e+05
1.458217000000000000e+06
6.582888750000000000e+05
2.830380312500000000e+05
8.971623437500000000e+04
1.194040859375000000e+05
5.684478750000000000e+05
7.802506250000000000e+05
9.202416406250000000e+04
2.704259375000000000e+05
6.134253750000000000e+05
5.069382187500000000e+05
2.577905312500000000e+05
7.585121250000000000e+05
3.038428437500000000e+05
3.462131562500000000e+05
5.491404375000000000e+05
1.138399500000000000e+06
2.276812187500000000e+05
8.104327500000000000e+05
7.663780625000000000e+05
4.561187500000000000e+05
7.014636250000000000e+05
2.367458125000000000e+05
8.711241250000000000e+05
3.769282500000000000e+05
1.069280468750000000e+05
3.208266250000000000e+05
8.599039375000000000e+05
8.850726250000000000e+05
1.422971875000000000e+05
5.569926250000000000e+05
3.622135625000000000e+05
7.690563750000000000e+05
5.183756562500000000e+05
3.188141562500000000e+05
1.041278359375000000e+05
3.445069375000000000e+05
5.130159062500000000e+05
7.280024375000000000e+05
6.274013750000000000e+05
5.633775000000000000e+05
3.328061875000000000e+05
3.409433437500000000e+05
7.767656250000000000e+05
1.075997656250000000e+05
3.747210312500000000e+05
2.626465625000000000e+05
1.049873984375000000e+05
3.250663750000000000e+05
6.377123125000000000e+05
7.275325625000000000e+05
2.827635000000000000e+05
6.385851875000000000e+05
1.217551562500000000e+05
1.164385625000000000e+05
8.333533593750000000e+04
2.997692187500000000e+05
3.036795937500000000e+05
4.858377187500000000e+05
7.589221250000000000e+05
8.009372500000000000e+05
5.047403125000000000e+05
5.190623125000000000e+05
2.923006875000000000e+05
2.960561250000000000e+05
3.112677812500000000e+05
7.513233125000000000e+05
3.626061250000000000e+05
9.343532812500000000e+04
8.475358750000000000e+05
9.549132812500000000e+04
6.150349375000000000e+05
5.746895625000000000e+05
1.069311875000000000e+05
5.898210000000000000e+05
6.705264375000000000e+05
5.301919375000000000e+05
5.481903750000000000e+05
5.284404375000000000e+05
3.452321875000000000e+05
7.557182500000000000e+05
2.347326718750000000e+05
4.477307187500000000e+05
5.702378750000000000e+05
2.934596250000000000e+05
8.086293750000000000e+05
9.375864375000000000e+05
7.243526250000000000e+05
8.599985937500000000e+04
6.720630000000000000e+05
1.048815625000000000e+06
6.169038750000000000e+05
2.198730000000000000e+05
5.867808750000000000e+05
1.017734921875000000e+05
1.096227812500000000e+05
3.406806250000000000e+05
3.066260000000000000e+05
3.688863437500000000e+05
2.302904218750000000e+05
5.761021875000000000e+05
5.931965625000000000e+05
8.867609375000000000e+04
3.261699375000000000e+05
3.089970312500000000e+05
9.507339062500000000e+04
1.125259750000000000e+06
5.153695625000000000e+05
2.800620312500000000e+05
1.126028828125000000e+05
2.923237500000000000e+05
9.902635937500000000e+04
8.697262500000000000e+04
3.058385625000000000e+05
3.441419375000000000e+05
2.604566562500000000e+05
2.920970312500000000e+05
1.094640750000000000e+06
7.385246875000000000e+05
3.441178125000000000e+05
9.461454687500000000e+04
9.801892968750000000e+04
8.063143750000000000e+05
5.284284375000000000e+05
9.183389375000000000e+05
8.241870000000000000e+05
1.289065625000000000e+05
4.563299062500000000e+05
2.964784687500000000e+05
3.743116875000000000e+05
7.810500781250000000e+04
7.336638125000000000e+05
5.564718750000000000e+05
2.579787187500000000e+05
1.027650078125000000e+05
3.575896875000000000e+05
4.739070937500000000e+05
5.126284687500000000e+05
6.583901875000000000e+05
8.040534375000000000e+04
4.956572500000000000e+05
5.776656875000000000e+05
6.207432500000000000e+05
2.379191875000000000e+05
8.060753125000000000e+05
2.622202187500000000e+05
5.841145000000000000e+05
3.313007187500000000e+05
5.955705000000000000e+05
2.441732187500000000e+05
6.297716250000000000e+05
5.979944375000000000e+05
9.091533593750000000e+04
9.999993750000000000e+04
2.716479062500000000e+05
8.507226875000000000e+05
3.163846562500000000e+05
2.760540312500000000e+05
4.760965625000000000e+05
5.771923750000000000e+05
5.642889375000000000e+05
8.010010000000000000e+05
8.070750000000000000e+04
6.245235000000000000e+05
5.910821250000000000e+05
5.597991250000000000e+05
9.093716406250000000e+04
1.006537421875000000e+05
2.968344687500000000e+05
5.672367500000000000e+05
5.549431250000000000e+05
1.219067750000000000e+06
8.227798750000000000e+05
3.572690625000000000e+05
1.002281562500000000e+06
3.690552187500000000e+05
7.992971875000000000e+05
1.158472109375000000e+05
6.439780000000000000e+05
5.399902500000000000e+05
5.014692187500000000e+05
1.029481093750000000e+05
6.208443750000000000e+05
2.756136562500000000e+05
5.274893125000000000e+05
6.656086250000000000e+05
9.682350000000000000e+04
9.861556250000000000e+04
2.928672500000000000e+05
7.740039375000000000e+05
3.400856562500000000e+05
3.501992187500000000e+05
3.130696875000000000e+05
6.187610625000000000e+05
5.252803125000000000e+05
5.182680312500000000e+05
4.859636562500000000e+05
5.773616875000000000e+05
1.198345312500000000e+05
5.730465625000000000e+05
4.417126250000000000e+05
5.483872500000000000e+05
5.805678750000000000e+05
3.732465312500000000e+05
8.712463125000000000e+05
7.825388750000000000e+05
3.157315625000000000e+05
5.671133750000000000e+05
3.565830312500000000e+05
3.388879375000000000e+05
9.791495312500000000e+04
5.686753750000000000e+05
5.207353125000000000e+05
8.016572500000000000e+05
3.003021562500000000e+05
4.870006875000000000e+05
1.006218281250000000e+05
3.065427187500000000e+05
6.499683125000000000e+05
2.722217812500000000e+05
2.689607187500000000e+05
5.003866562500000000e+05
7.500180000000000000e+05
7.663531250000000000e+05
3.049304375000000000e+05
3.997087812500000000e+05
5.897128125000000000e+05
3.006501875000000000e+05
3.222333750000000000e+05
3.423219062500000000e+05
3.477386875000000000e+05
9.437855468750000000e+04
9.281413125000000000e+05
3.600691562500000000e+05
3.206240625000000000e+05
6.689625000000000000e+05
5.129133437500000000e+05
9.534537500000000000e+04
9.723475000000000000e+04
5.468064375000000000e+05
4.435937187500000000e+05
8.282190000000000000e+05
4.864761875000000000e+05
3.811813750000000000e+05
5.230864687500000000e+05
1.023943125000000000e+06
8.885015625000000000e+04
5.894424375000000000e+05
2.989158125000000000e+05
1.016711718750000000e+05
1.085343593750000000e+05
5.127940000000000000e+05
7.889666250000000000e+05
8.444133593750000000e+04
5.234981250000000000e+05
5.938675000000000000e+05
3.040691250000000000e+05
6.027131250000000000e+05
2.901420937500000000e+05
9.822956250000000000e+04
4.817879375000000000e+05
6.183749375000000000e+05
2.435166718750000000e+05
3.206984375000000000e+05
3.410358750000000000e+05
5.500471875000000000e+05
3.113938750000000000e+05
6.090706875000000000e+05
3.036630312500000000e+05
7.714365000000000000e+05
8.834314843750000000e+04
1.113997656250000000e+05
5.348588125000000000e+05
2.778496875000000000e+05
2.830457812500000000e+05
2.548146250000000000e+05
2.986008437500000000e+05
5.792670000000000000e+05
8.716996875000000000e+05
3.625912187500000000e+05
8.540038750000000000e+05
5.577884375000000000e+05
6.154500000000000000e+05
7.729718125000000000e+05
8.542657500000000000e+05
2.817854687500000000e+05
5.340538750000000000e+05
3.065226875000000000e+05
7.896295000000000000e+05
3.370985937500000000e+05
1.043765390625000000e+05
5.207255625000000000e+05
1.060578125000000000e+05
3.749533125000000000e+05
6.169258750000000000e+05
2.414392187500000000e+05
3.127206250000000000e+05
2.986561250000000000e+05
5.376979375000000000e+05
3.726117187500000000e+05
1.064525468750000000e+05
7.082751250000000000e+05
3.507078750000000000e+05
3.922927500000000000e+05
2.918966250000000000e+05
7.515045625000000000e+05
9.557171875000000000e+05
2.596011250000000000e+05
6.373482500000000000e+05
8.076073125000000000e+05
3.535005000000000000e+05
8.747066406250000000e+04
3.451198437500000000e+05
1.024760000000000000e+05
9.938729687500000000e+04
3.942969375000000000e+05
3.871115625000000000e+05
8.642868750000000000e+05
5.537469375000000000e+05
5.224050000000000000e+05
9.416390625000000000e+04
3.166028750000000000e+05
9.318424218750000000e+04
5.757207500000000000e+05
2.843649687500000000e+05
5.164285000000000000e+05
6.265466875000000000e+05
6.033280000000000000e+05
3.877377812500000000e+05
6.658309375000000000e+05
3.413070625000000000e+05
8.958502343750000000e+04
9.479795312500000000e+04
8.726112500000000000e+05
7.974976562500000000e+04
6.035293750000000000e+05
8.551587500000000000e+04
5.713100000000000000e+05
1.145139375000000000e+06
8.152881250000000000e+04
9.364735156250000000e+04
3.716288750000000000e+05
1.001211640625000000e+05
6.438150625000000000e+05
5.222395000000000000e+05
7.748027343750000000e+04
8.654641406250000000e+04
7.335540625000000000e+04
2.970419062500000000e+05
3.125404687500000000e+05
3.589777812500000000e+05
5.814605625000000000e+05
8.791151562500000000e+04
5.870118750000000000e+05
2.878804687500000000e+05
3.500290312500000000e+05
9.176539062500000000e+04
7.959753906250000000e+04
8.387129687500000000e+04
1.547673500000000000e+06
3.434622812500000000e+05
3.425334375000000000e+05
3.826052812500000000e+05
4.030058437500000000e+05
6.482473437500000000e+04
8.350831250000000000e+04
3.230548750000000000e+05
6.310195625000000000e+05
7.602221250000000000e+05
7.651678125000000000e+04
6.389729375000000000e+05
1.064044687500000000e+05
5.720128125000000000e+05
3.436596875000000000e+05
8.753089062500000000e+04
8.861616875000000000e+05
4.866154375000000000e+05
5.425444375000000000e+05
9.232308593750000000e+04
3.676476250000000000e+05
3.616075000000000000e+05
7.643868750000000000e+04
6.841735625000000000e+05
8.289273437500000000e+04
3.726057187500000000e+05
5.959851250000000000e+05
8.423535937500000000e+04
6.679931250000000000e+05
5.736500000000000000e+05
5.414661250000000000e+05
6.172366250000000000e+05
4.962277812500000000e+05
5.965311250000000000e+05
9.378715000000000000e+05
3.698933437500000000e+05
6.014102500000000000e+05
8.843415000000000000e+05
5.910374375000000000e+05
2.965105000000000000e+05
5.621303750000000000e+05
5.983521250000000000e+05
7.301915000000000000e+05
4.845652500000000000e+05
7.940121875000000000e+04
1.022700750000000000e+06
6.295830000000000000e+05
5.661211875000000000e+05
5.907123750000000000e+05
3.639149687500000000e+05
1.175719000000000000e+06
5.722983125000000000e+05
5.896187500000000000e+05
1.128352000000000000e+06
5.604848125000000000e+05
7.951615000000000000e+05
8.321453125000000000e+04
8.378948437500000000e+04
3.132262812500000000e+05
8.778143750000000000e+04
1.301717750000000000e+06
8.158143750000000000e+05
3.037116875000000000e+05
2.687755000000000000e+05
9.269690625000000000e+05
1.177186875000000000e+06
3.687384375000000000e+05
5.848815625000000000e+05
1.181101500000000000e+06
5.389431250000000000e+05
1.259525000000000000e+06
8.990610625000000000e+05
2.525705937500000000e+05
3.958308125000000000e+05
5.522033750000000000e+05
2.490510625000000000e+05
9.673982812500000000e+04
8.946236718750000000e+04
2.332214375000000000e+05
1.310681625000000000e+06
3.744294062500000000e+05
9.637362500000000000e+05
3.571601562500000000e+05
7.864168750000000000e+05
5.812482500000000000e+05
8.968258750000000000e+05
3.067314375000000000e+05
1.006468593750000000e+05
7.851978750000000000e+05
5.687897500000000000e+05
2.701874375000000000e+05
1.000229062500000000e+05
2.800847500000000000e+05
6.632626875000000000e+05
4.905813750000000000e+05
5.512438750000000000e+05
1.633779875000000000e+06
9.157001562500000000e+04
9.302712500000000000e+04
5.532491875000000000e+05
7.494413750000000000e+05
3.609007500000000000e+05
5.880350000000000000e+05
2.978540000000000000e+05
2.877060312500000000e+05
2.702899062500000000e+05
3.647538750000000000e+05
5.942253750000000000e+05
5.083536875000000000e+05
3.801495625000000000e+05
5.060900312500000000e+05
5.640226250000000000e+05
2.402878906250000000e+05
8.970762500000000000e+04
3.287573750000000000e+05
4.970702187500000000e+05
3.570085312500000000e+05
6.903233750000000000e+05
8.891517187500000000e+04
5.177425000000000000e+05
1.198458250000000000e+06
2.963440312500000000e+05
8.554596093750000000e+04
3.588303750000000000e+05
6.053090000000000000e+05
9.775625000000000000e+04
6.098478125000000000e+05
6.199657500000000000e+05
3.105131875000000000e+05
9.121192500000000000e+05
4.921021250000000000e+05
1.043327343750000000e+05
3.439118437500000000e+05
3.028876250000000000e+05
3.226331562500000000e+05
3.237984687500000000e+05
9.263349218750000000e+04
6.348212500000000000e+05
5.570885625000000000e+05
4.039616875000000000e+05
3.570895000000000000e+05
3.042144375000000000e+05
1.096367343750000000e+05
6.071252500000000000e+05
5.959997500000000000e+05
6.344556250000000000e+05
9.739217187500000000e+04
8.746291406250000000e+04
3.194632500000000000e+05
3.134893437500000000e+05
9.845007812500000000e+04
5.065691875000000000e+05
5.327514375000000000e+05
8.091429375000000000e+05
2.857294062500000000e+05
7.490029687500000000e+04
7.801253750000000000e+05
3.343220000000000000e+05
3.998391875000000000e+05
8.990689062500000000e+04
7.762486250000000000e+05
4.058596875000000000e+05
6.545326875000000000e+05
5.595403125000000000e+05
6.847538125000000000e+05
5.655592500000000000e+05
9.960275781250000000e+04
6.110386250000000000e+05
8.299261718750000000e+04
8.400169531250000000e+04
8.857254687500000000e+04
4.370441250000000000e+05
5.608516250000000000e+05
3.956518750000000000e+05
1.631093000000000000e+06
8.215281250000000000e+05
5.547401875000000000e+05
3.928823437500000000e+05
8.833129687500000000e+04
1.023655000000000000e+05
8.827125781250000000e+04
9.872703125000000000e+04
8.523586250000000000e+05
7.920215625000000000e+04
3.583800312500000000e+05
1.147648250000000000e+06
5.906406250000000000e+05
3.376568437500000000e+05
3.176627187500000000e+05
6.331806875000000000e+05
5.439390625000000000e+05
6.931510156250000000e+04
5.434361875000000000e+05
3.711580937500000000e+05
8.188466406250000000e+04
4.072663750000000000e+05
8.804321875000000000e+04
7.816291250000000000e+05
8.832553125000000000e+04
3.706576875000000000e+05
7.761474218750000000e+04
2.963390312500000000e+05
8.024657812500000000e+04
7.049060156250000000e+04
3.922736250000000000e+05
1.256590250000000000e+06
6.866908125000000000e+05
3.149988750000000000e+05
8.695293125000000000e+05
2.835018125000000000e+05
7.829329375000000000e+05
9.607163281250000000e+04
5.508543125000000000e+05
8.783973125000000000e+05
9.396726875000000000e+05
5.768336250000000000e+05
9.797497656250000000e+04
3.363210312500000000e+05
3.723223125000000000e+05
8.194435156250000000e+04
4.666830000000000000e+05
2.536050312500000000e+05
9.034192968750000000e+04
8.076303125000000000e+04
6.761670625000000000e+05
3.643753437500000000e+05
3.433126875000000000e+05
2.880828125000000000e+05
2.813569375000000000e+05
6.835586250000000000e+05
9.033670000000000000e+05
9.685602343750000000e+04
3.398293125000000000e+05
1.129113875000000000e+06
2.958099375000000000e+05
4.926767187500000000e+05
1.259040750000000000e+06
8.513735625000000000e+05
7.478960156250000000e+04
6.407622500000000000e+05
6.723745000000000000e+05
8.731267187500000000e+04
9.807248437500000000e+04
9.581589843750000000e+04
6.089801250000000000e+05
3.483060312500000000e+05
3.675147500000000000e+05
3.911178125000000000e+05
8.189392187500000000e+04
3.619320000000000000e+05
3.012526562500000000e+05
3.513462187500000000e+05
3.551478125000000000e+05
8.892137500000000000e+04
8.046183125000000000e+05
3.876139687500000000e+05
3.591708125000000000e+05
6.691000000000000000e+05
3.883526875000000000e+05
8.216768750000000000e+04
6.605732500000000000e+05
6.071034375000000000e+05
8.344405625000000000e+05
9.217671093750000000e+04
6.487221875000000000e+05
8.302400000000000000e+04
7.362763281250000000e+04
8.154878906250000000e+04
1.031903046875000000e+05
9.073502500000000000e+05
5.363790000000000000e+05
5.785367500000000000e+05
2.875612187500000000e+05
8.928901562500000000e+04
1.059662265625000000e+05
6.256175000000000000e+05
5.912650000000000000e+05
5.657936875000000000e+05
3.784784062500000000e+05
6.839858593750000000e+04
8.756671875000000000e+04
3.092377812500000000e+05
9.231162500000000000e+04
8.775310937500000000e+04
2.805362812500000000e+05
3.056732187500000000e+05
3.515951562500000000e+05
3.147290312500000000e+05
8.140185937500000000e+04
8.697469531250000000e+04
7.103760937500000000e+04
5.350716875000000000e+05
5.663975625000000000e+05
1.077129750000000000e+06
8.504287500000000000e+04
7.624923437500000000e+04
3.140744687500000000e+05
1.005469921875000000e+05
9.124132812500000000e+04
5.773187500000000000e+05
7.918870312500000000e+04
9.236216406250000000e+04
9.017891406250000000e+04
7.533576562500000000e+04
9.850032031250000000e+04
5.439537500000000000e+05
3.617571562500000000e+05
7.337396093750000000e+04
3.651192500000000000e+05
4.942716250000000000e+05
3.912557187500000000e+05
3.331734062500000000e+05
3.754582187500000000e+05
7.437442187500000000e+04
3.466515000000000000e+05
8.260992968750000000e+04
6.107970000000000000e+05
1.154338875000000000e+06
8.183207031250000000e+04
8.379109375000000000e+04
7.781689062500000000e+04
7.938752343750000000e+04
6.049446250000000000e+05
7.438414843750000000e+04
3.631208750000000000e+05
1.208946500000000000e+06
9.726540625000000000e+05
8.107101562500000000e+04
2.695754375000000000e+05
6.332241250000000000e+05
6.417006250000000000e+05
8.092131250000000000e+04
5.777348125000000000e+05
3.010164687500000000e+05
5.868065625000000000e+05
7.729279375000000000e+05
2.931032187500000000e+05
4.949885625000000000e+05
2.698499375000000000e+05
5.640992500000000000e+05
3.830447500000000000e+05
6.594249375000000000e+05
3.426325000000000000e+05
5.495339375000000000e+05
8.215662500000000000e+05
5.755315000000000000e+05
6.117901875000000000e+05
8.537210937500000000e+04
3.209502812500000000e+05
6.423611875000000000e+05
3.961685625000000000e+05
4.151335937500000000e+05
5.329167500000000000e+05
9.353785000000000000e+05
6.324044375000000000e+05
9.096550000000000000e+05
8.352521875000000000e+04
3.906794687500000000e+05
8.137514843750000000e+04
3.796316875000000000e+05
8.305503125000000000e+04
6.756555000000000000e+05
3.683987500000000000e+05
1.129715375000000000e+06
7.600276562500000000e+04
6.160833750000000000e+05
3.227039375000000000e+05
8.923115625000000000e+04
4.026192187500000000e+05
3.375288437500000000e+05
7.599085156250000000e+04
3.500017187500000000e+05
7.902061718750000000e+04
3.825868437500000000e+05
7.161737500000000000e+05
7.347440625000000000e+05
3.141273125000000000e+05
9.344578125000000000e+04
3.598276562500000000e+05
1.261687250000000000e+06
6.385379375000000000e+05
3.470160625000000000e+05
1.017907000000000000e+06
6.711176875000000000e+05
6.555111875000000000e+05
3.336445000000000000e+05
6.071387500000000000e+05
1.110554875000000000e+06
6.179561875000000000e+05
8.981441406250000000e+04
8.690352343750000000e+04
6.416151875000000000e+05
