-1.670000000000000000e+02
5.318750000000000000e+03
4.712000000000000000e+03
1.911666666666666572e+02
5.792666666666666515e+02
-4.898666666666666742e+02
4.826666666666665151e+01
6.723555555555555657e+03
-2.404666666666666401e+02
3.761111111111111427e+01
2.773888888888888573e+02
4.863399999999999636e+03
6.074166666666667425e+02
-6.066666666666666288e+02
-4.471111111111110858e+02
1.768888888888888289e+02
5.265416666666666970e+03
2.352666666666666515e+02
-9.391666666666664298e+01
-3.776666666666666288e+02
-4.576000000000000227e+02
1.038666666666666742e+02
7.788888888888889994e+01
-1.165555555555555287e+02
6.533333333333326109e+00
-1.227500000000000000e+02
5.854166666666666970e+03
-2.988000000000000114e+02
-4.721999999999999886e+02
-8.098000000000000682e+02
1.619444444444444571e+02
4.335800000000000182e+03
-2.694444444444441800e+01
1.188888888888888999e+02
-2.405555555555555429e+02
-2.734666666666666970e+02
-4.052222222222222285e+02
-1.467777777777777715e+02
2.847333333333334053e+02
-6.173999999999999773e+02
2.686000000000000227e+02
4.887066666666666606e+03
-2.969166666666666856e+02
1.307777777777777999e+02
-7.233333333333335702e+01
-1.337500000000000000e+02
5.916083333333333030e+03
-1.118333333333333144e+02
-2.287500000000000000e+02
6.861777777777777374e+03
6.711333333333333030e+03
-6.091666666666666288e+02
-2.260555555555555429e+02
-1.062500000000000000e+02
3.386666666666665293e+01
6.875666666666666970e+03
-1.860000000000000000e+02
7.110000000000000000e+02
3.833333333333332860e+01
-5.806666666666667425e+02
-3.341111111111111427e+02
-1.500833333333333144e+02
-3.285555555555555998e+02
6.683333333333333030e+03
-1.190000000000000000e+02
-8.559999999999999432e+01
5.073333333333333144e+02
5.000000000000000000e+01
-6.322222222222224985e+01
5.099083333333333940e+03
-2.273333333333333428e+02
2.963999999999999773e+02
-1.446666666666666572e+02
-1.467222222222222285e+02
1.871666666666666572e+02
-5.500000000000000000e+02
-7.613333333333331154e+01
-4.527777777777779278e+01
-1.361111111111112315e+01
-4.723999999999999773e+02
-4.897333333333334053e+02
5.252583333333333940e+03
-6.053333333333334565e+01
-3.250000000000000000e+00
-4.333333333333334991e+01
-5.723333333333333712e+02
-7.260833333333332575e+02
4.718000000000000114e+02
4.066666666666668561e+01
2.480000000000000000e+02
-7.453333333333334565e+01
-4.180833333333333144e+02
-2.181999999999999886e+02
2.818333333333333712e+02
-5.433333333333335702e+01
1.004444444444444571e+02
-2.086666666666666572e+02
-6.241666666666668561e+01
1.826666666666667282e+01
-1.701666666666666856e+02
-3.094444444444445708e+01
-1.676666666666666572e+02
-3.667500000000000000e+02
-1.358333333333333712e+02
-9.091666666666665719e+01
-2.556666666666666572e+02
-8.426666666666667425e+02
-5.077333333333332916e+02
4.366666666666667140e+01
-4.066666666666665719e+01
2.335555555555555429e+02
-8.224444444444444571e+02
-1.318333333333333144e+02
1.670666666666666629e+02
-2.504666666666666401e+02
4.747333333333334053e+02
-3.667500000000000000e+02
-4.201999999999999886e+02
-4.323888888888888573e+02
-1.728666666666666458e+02
5.300000000000000000e+01
-2.042500000000000000e+02
-4.779166666666666856e+02
-2.522666666666666515e+02
7.134111111111110404e+03
-5.588888888888887863e+01
-6.233333333333333570e+01
4.961083333333333030e+03
-5.376666666666666288e+02
-2.822666666666667084e+02
-2.573333333333333144e+02
-1.675000000000000000e+01
4.991944444444445139e+02
1.813333333333333428e+02
-7.400000000000001421e+01
-3.133333333333325754e+00
1.217777777777777857e+02
-5.570000000000000000e+02
3.825800000000000182e+03
-3.889444444444444002e+02
-3.755833333333333712e+02
-9.233333333333334281e+01
-5.557500000000000000e+02
-4.541666666666666856e+02
-1.477500000000000000e+02
-7.314666666666668107e+02
-4.816666666666668561e+01
1.488888888888891415e+01
-8.195833333333334849e+02
-5.939999999999997726e+01
6.607000000000000000e+03
-2.938333333333333712e+02
-4.325000000000000000e+02
1.630833333333333428e+02
6.786666666666667425e+01
-6.386666666666666288e+02
3.166666666666657193e+00
6.849777777777777374e+03
-3.750000000000000000e+01
-7.079999999999999716e+01
-4.778000000000000114e+02
-2.323333333333333428e+02
-1.865333333333333030e+02
3.928666666666666742e+02
-1.569333333333333087e+02
2.541666666666667140e+01
-3.100000000000000000e+02
-3.056666666666666856e+02
-3.903333333333333144e+02
1.315555555555555713e+02
-1.500000000000000000e+01
-5.412666666666666515e+02
1.078888888888888999e+02
2.711111111111110858e+02
-2.362500000000000000e+02
4.920750000000000000e+03
-2.186666666666662806e+01
-4.686000000000000227e+02
-5.840000000000000000e+02
-1.966666666666666856e+02
1.293333333333333428e+02
-1.647333333333333485e+02
-2.211666666666666288e+02
5.586666666666665293e+01
-5.950000000000000000e+01
-2.704444444444444002e+02
-1.498333333333333428e+02
-9.600000000000000000e+01
4.147619047619049581e+01
-3.375000000000000000e+02
5.466666666666670693e+01
-3.741666666666666288e+02
-4.530833333333333712e+02
-4.433333333333334281e+02
5.169333333333333030e+03
-1.832222222222222570e+02
-9.436666666666666288e+02
4.507333333333333940e+03
6.143333333333333712e+02
-3.316666666666667140e+01
-9.190666666666668334e+02
1.776666666666666856e+02
-3.733333333333325843e+00
-4.219444444444444002e+02
2.438888888888885731e+01
-5.757333333333333485e+02
-8.059999999999998010e+01
-7.879999999999999716e+01
-4.991999999999999886e+02
-6.694444444444444571e+02
4.280555555555556566e+02
1.020000000000000284e+02
-6.564444444444444571e+02
-2.855833333333333712e+02
1.340277777777777999e+02
6.892666666666666515e+02
-5.473999999999999773e+02
-7.893333333333335133e+01
2.138000000000000114e+02
-5.666666666666667425e+02
-5.677333333333333485e+02
-5.173333333333332575e+02
-4.692777777777778283e+02
-6.746000000000000227e+02
1.369166666666666856e+02
8.522222222222221433e+01
-5.155000000000000000e+02
-5.910000000000000000e+02
4.823333333333333940e+03
-4.680000000000000000e+02
-4.765833333333333712e+02
-3.979999999999997584e+01
-8.936666666666667425e+02
-3.000666666666666060e+02
7.333333333333334281e+01
-2.380833333333333144e+02
-4.756000000000000227e+02
-2.756666666666666856e+02
-6.666666666666666288e+02
-4.293333333333333144e+02
-2.555333333333333599e+02
-1.894444444444445708e+01
-5.504166666666666288e+02
2.827500000000000000e+02
-2.697333333333333485e+02
-6.284166666666667425e+02
-1.207142857142857792e+02
2.281333333333333542e+02
-7.533333333333334281e+01
-4.346000000000000227e+02
4.039333333333332803e+02
-1.306666666666669663e+01
-3.171333333333333826e+02
-3.911999999999999886e+02
-4.672666666666667084e+02
3.214166666666666288e+02
3.300000000000000000e+01
-1.483333333333330550e+01
-1.280833333333333144e+02
1.108888888888888999e+02
-5.689333333333332803e+02
-3.909166666666666856e+02
-5.457333333333333485e+02
5.582250000000000000e+03
-2.001999999999999886e+02
-5.764166666666667425e+02
-9.418888888888890278e+02
-6.663333333333333712e+02
-3.400000000000000000e+01
-9.416666666666667425e+02
-3.970833333333333144e+02
1.502666666666666799e+02
5.126833333333333940e+03
9.686666666666667425e+01
-3.535555555555555998e+02
5.813333333333336128e+01
-8.962000000000000455e+02
5.670666666666666060e+02
-2.009333333333333087e+02
-3.891333333333333826e+02
-3.054444444444444571e+02
-8.063333333333333712e+02
-4.306666666666668419e+01
-1.365999999999999943e+02
-2.133333333333333712e+02
-1.200000000000000000e+02
8.222222222222222854e+01
-1.472666666666666515e+02
4.304166666666666856e+02
-4.510833333333333712e+02
-4.866666666666674246e+00
-2.447777777777777999e+02
1.736666666666667140e+02
-2.256666666666666288e+02
-4.198333333333333712e+02
-4.699166666666666288e+02
-9.217999999999999545e+02
-2.190833333333333428e+02
-1.776000000000000227e+02
-2.482222222222222001e+02
-8.918666666666665606e+02
-1.769166666666666572e+02
1.371999999999999886e+02
5.689166666666666970e+03
-2.070000000000000284e+02
-7.391333333333334394e+02
-9.579999999999999716e+01
-5.015333333333333030e+02
-6.195555555555555429e+02
-3.130000000000000000e+02
-2.501111111111110858e+02
-2.831333333333333258e+02
-5.953333333333332433e+01
3.756133333333333667e+03
-6.533333333333332860e+01
-3.830000000000000000e+02
-1.206666666666667354e+01
-3.291666666666666856e+02
-4.377500000000000000e+02
-1.356666666666666856e+02
1.944444444444444287e+02
-4.458333333333334281e+01
5.166666666666666430e+01
1.370000000000000284e+02
1.214166666666666856e+02
-6.278888888888889142e+02
-4.435000000000000000e+02
-3.506666666666666856e+02
2.278333333333333144e+02
-2.400000000000000000e+02
5.435277777777777146e+02
-4.510000000000000000e+02
-6.333333333333333712e+02
7.211111111111112848e+01
2.333333333333334281e+01
5.551000000000000227e+02
-8.011111111111110006e+01
1.170666666666666345e+02
9.543333333333332575e+02
-2.831999999999999886e+02
-4.512500000000000000e+02
-3.182222222222222285e+02
-2.485555555555555429e+02
-1.783333333333333428e+02
3.908666666666666742e+02
-6.077999999999999545e+02
-5.549333333333332803e+02
-2.104000000000000057e+02
-4.070833333333333712e+02
-4.627500000000000000e+02
-7.577333333333333485e+02
2.172222222222221788e+01
1.475000000000000000e+02
-1.408333333333333428e+02
-8.716666666666668561e+01
-2.965833333333333712e+02
-4.788666666666666174e+02
-9.000000000000014211e+00
-1.816666666666666572e+02
1.266666666666651508e+00
-6.777777777777778283e+02
-3.313333333333333144e+02
7.991666666666667140e+01
1.160666666666666771e+02
-1.001666666666666856e+03
-1.073999999999999773e+02
-4.291999999999999886e+02
-8.586666666666664582e+01
-8.009333333333332803e+02
-4.539166666666666288e+02
1.377777777777777999e+02
-3.216666666666666856e+02
-4.293999999999999773e+02
-4.311999999999999886e+02
-3.423333333333333144e+02
-7.119333333333332803e+02
4.093266666666667334e+03
-6.725333333333334167e+02
1.950000000000000000e+02
5.477777777777780699e+01
-4.401666666666666856e+02
-3.123888888888889142e+02
-3.386666666666666856e+02
-5.724666666666665833e+02
-4.664166666666666856e+02
-2.839444444444444571e+02
-1.363333333333332860e+02
-6.048666666666665606e+02
-1.663333333333333428e+02
1.800000000000001421e+01
-6.813888888888888005e+02
-1.059166666666666572e+02
-4.804166666666666288e+02
-2.337777777777777999e+02
-7.210000000000000000e+02
-1.895000000000000000e+02
5.416166666666666970e+03
-6.660000000000002274e+01
-3.495333333333333030e+02
-4.532777777777778283e+02
4.667066666666667516e+03
1.077999999999999972e+02
-1.226111111111110858e+02
-4.091999999999999886e+02
-5.093333333333333144e+02
-5.919444444444444571e+02
-6.112666666666666515e+02
6.763888888888889596e+03
-1.762500000000000000e+02
5.511583333333333030e+03
-3.733333333333333712e+02
8.133333333333334281e+01
-2.751111111111111427e+02
-2.687500000000000000e+02
-5.867333333333333485e+02
-5.508888888888889142e+02
-6.333333333333333712e+02
-4.185000000000000000e+02
-7.205333333333333030e+02
-6.060000000000000000e+02
-2.188666666666666458e+02
-4.478333333333333712e+02
-4.726666666666667282e+01
-3.681666666666666288e+02
-5.627999999999999545e+02
-1.578888888888889142e+02
-8.133333333333336412e+00
-6.349444444444444571e+02
-4.491333333333333258e+02
-1.255000000000000000e+02
4.183333333333331439e+01
-5.147500000000000000e+02
-7.664444444444443434e+02
-5.543333333333332575e+02
-4.737500000000000000e+02
-1.268333333333333570e+02
-7.855833333333332575e+02
-8.533333333333330017e+01
-2.675000000000000000e+02
-2.513333333333333428e+02
-6.427333333333333485e+02
5.271583333333333030e+03
-6.235333333333334167e+02
-3.091111111111110858e+02
-4.985333333333333030e+02
1.125000000000000000e+02
3.648000000000000682e+02
-8.747333333333333485e+02
-3.106666666666667354e+01
-5.875333333333334167e+02
-6.335333333333333030e+02
-1.150000000000000000e+02
-2.331111111111110858e+02
-1.627500000000000000e+02
-4.084166666666666288e+02
-2.300666666666666913e+02
1.656666666666666856e+02
-9.013333333333335418e+01
-2.862222222222222285e+02
-4.732500000000000000e+02
-1.778333333333333428e+02
-4.120000000000000000e+02
-1.362500000000000000e+02
-4.975000000000000000e+02
-2.337333333333332916e+02
-8.059166666666667425e+02
-7.603333333333333712e+02
-1.065999999999999943e+02
-2.284444444444444571e+02
-6.958666666666665606e+02
-3.044444444444444002e+02
-4.753333333333333144e+02
-2.827500000000000000e+02
-3.845833333333333712e+02
-1.007333333333333485e+02
-1.401333333333333258e+02
-4.981666666666666856e+02
5.846500000000000000e+03
-3.733888888888889142e+02
-1.845833333333333144e+02
-4.920833333333333712e+02
2.178666666666666458e+02
3.105333333333333030e+02
-4.145000000000000000e+02
1.376111111111111143e+02
-6.570833333333334849e+02
3.376666666666666856e+02
-4.411999999999999886e+02
-5.298666666666666742e+02
-4.614444444444444002e+02
-2.251666666666666288e+02
-1.766666666666666572e+02
-3.858888888888888573e+02
-5.503333333333333712e+02
3.951333333333333258e+02
-4.523333333333333712e+02
-5.335238095238095184e+02
-3.906666666666666288e+02
-4.977333333333334053e+02
-6.066000000000000227e+02
-7.138333333333332575e+02
-4.281666666666666288e+02
9.727777777777775725e+01
-3.923333333333333144e+02
-5.596666666666666288e+02
-7.200833333333333712e+02
-7.890000000000000000e+02
-2.706666666666669840e+01
1.107222222222222143e+02
1.000000000000000000e+01
-8.777222222222222854e+02
-4.610833333333333712e+02
2.691999999999999886e+02
-6.037777777777778283e+02
-3.993888888888888573e+02
-3.044444444444444571e+02
-4.630666666666667197e+02
-2.943333333333333144e+02
-4.706666666666666856e+02
5.071333333333333940e+03
-2.927777777777777715e+02
6.866666666666667140e+01
-5.858333333333333712e+02
-2.573333333333333144e+02
-2.600000000000000000e+02
-4.942500000000000000e+02
-6.694444444444444571e+02
-4.600000000000000000e+02
-8.457333333333333485e+02
-3.006666666666666856e+02
-4.350000000000000000e+02
-5.645333333333334167e+02
-3.568333333333333144e+02
5.977999999999999545e+02
6.713888888888889596e+03
-3.179333333333332803e+02
-5.583333333333333712e+02
-3.266666666666666856e+02
-3.960000000000000000e+02
-7.126666666666666288e+02
-4.024444444444445139e+02
-5.166000000000000227e+02
-4.283888888888889710e+02
-4.387333333333334053e+02
-3.461999999999999886e+02
-8.216666666666667425e+02
-4.805833333333333712e+02
-1.633333333333334281e+01
-3.756666666666666856e+02
-2.469444444444444571e+02
-2.159166666666666572e+02
-4.435000000000000000e+02
-2.726666666666669769e+01
-2.018000000000000114e+02
-7.443333333333333712e+02
-4.618333333333333144e+02
7.885833333333333712e+02
-8.374166666666667425e+02
-4.337333333333334053e+02
-1.910000000000000000e+02
-5.648666666666666742e+02
-4.259166666666666288e+02
-8.272666666666667652e+02
-2.112222222222222001e+02
-6.657333333333333485e+02
-4.466000000000000227e+02
-6.960000000000000000e+02
-5.258666666666665606e+02
-3.279444444444444571e+02
-3.029166666666666288e+02
-3.617500000000000000e+02
-3.053333333333333144e+02
-2.494666666666666970e+02
-2.595833333333333712e+02
-8.823333333333333712e+02
-1.495833333333333428e+02
-8.248333333333332575e+02
-1.663333333333333144e+02
4.708333333333334281e+01
-3.921666666666666288e+02
-4.164666666666666970e+02
3.637333333333332916e+02
8.213333333333332575e+01
-4.980000000000000000e+02
-5.395833333333333712e+02
-2.446666666666666572e+02
-4.340000000000000000e+02
4.027777777777777146e+01
-5.262666666666666515e+02
-3.804166666666666288e+02
-5.239333333333333940e+02
-3.557222222222222285e+02
-2.583999999999999773e+02
-4.111333333333333258e+02
1.146666666666666714e+02
-3.915833333333333144e+02
1.982666666666666515e+02
-4.851333333333333258e+02
-4.348333333333333144e+02
-2.616666666666665719e+01
-4.685833333333333712e+02
8.833333333333342807e+00
-5.236000000000000227e+02
-2.079999999999999716e+02
-9.118666666666665606e+02
-4.543333333333333144e+02
-6.944166666666666288e+02
-8.196666666666666288e+02
-1.269166666666666430e+02
-4.758333333333333144e+02
-6.368666666666667879e+02
-8.608333333333331439e+01
-6.149333333333332803e+02
7.606666666666664867e+01
-2.698888888888888573e+02
-5.835555555555555429e+02
-4.466666666666666856e+02
-7.760000000000000000e+02
-3.870000000000000000e+02
-2.657333333333332916e+02
-8.168666666666666742e+02
-5.497222222222222854e+02
-7.212000000000000455e+02
-1.625833333333333428e+02
-2.411333333333333542e+02
-1.584000000000000057e+02
-8.594444444444444287e+01
-2.789333333333332803e+02
-2.009999999999999716e+02
-5.322777777777778283e+02
-2.586666666666666856e+02
-3.056000000000000227e+02
-2.100000000000000000e+02
-6.891333333333334394e+02
-6.092222222222222854e+02
-2.302777777777778283e+02
-3.938333333333333712e+02
-4.713333333333333712e+02
-1.815999999999999659e+02
-5.257500000000000000e+02
1.355555555555555429e+02
-2.563999999999999773e+02
-5.599166666666667425e+02
-4.098333333333333712e+02
6.279999999999997584e+01
-7.776666666666667425e+02
-8.534666666666668107e+02
-1.795333333333333599e+02
-5.703999999999999773e+02
-8.445833333333332575e+02
-3.083333333333333144e+02
-5.778333333333333712e+02
-4.235000000000000000e+02
-8.588888888888891415e+01
-1.532777777777777999e+02
-1.730555555555555145e+02
-7.820000000000000000e+02
-3.293999999999999773e+02
-3.410000000000000000e+02
1.326666666666666856e+02
-4.467333333333334053e+02
-7.050952380952381873e+02
-2.695000000000000000e+02
-4.990833333333333144e+02
-1.555333333333333030e+02
7.155444444444445253e+03
-9.057333333333333485e+02
-6.583333333333333712e+02
-4.386666666666666856e+02
-5.249999999999998863e+02
-5.217500000000000000e+02
-9.012666666666667652e+02
1.113333333333333144e+02
-9.023999999999999773e+02
-7.355555555555555713e+01
-3.653333333333333712e+02
-4.920000000000000000e+02
-7.509166666666667425e+02
-1.066666666666651553e+00
-4.374166666666666288e+02
-5.766666666666665719e+01
-2.758888888888888573e+02
-6.830000000000000000e+02
4.498666666666666742e+02
-7.393333333333332291e+01
-6.136666666666666288e+02
-7.160000000000000853e+01
-8.458666666666665606e+02
-4.753333333333333144e+02
-7.892500000000000000e+02
-6.044444444444444571e+02
-8.664444444444444571e+02
2.616000000000000227e+02
-8.290833333333332575e+02
-7.275000000000000000e+02
-8.513333333333332575e+01
-2.715833333333333712e+02
-3.583333333333331439e+01
-6.997500000000000000e+02
-6.596666666666666288e+02
-5.537999999999999545e+02
-7.182000000000000455e+02
-7.038333333333333712e+02
1.174666666666666686e+02
-4.669333333333332803e+02
-3.047500000000000000e+02
-3.265000000000000000e+02
3.544666666666666401e+02
-5.068333333333333144e+02
-1.910000000000000000e+02
-4.751111111111110858e+02
-2.251999999999999886e+02
-5.966111111111110858e+02
-5.158333333333331439e+01
-3.736000000000000227e+02
4.959916666666666970e+03
-1.511111111111111143e+02
-7.833999999999999773e+02
-8.607777777777778283e+02
-8.310000000000000000e+02
-4.398333333333333144e+02
-7.985000000000000000e+02
-5.042222222222222285e+02
-5.543888888888889142e+02
6.780000000000002558e+01
2.435833333333333428e+02
-5.383333333333334281e+01
-5.000000000000000000e+02
-1.036666666666666430e+02
1.261111111111110539e+01
3.166666666666666856e+02
-5.066666666666666856e+02
-4.331333333333333258e+02
7.447500000000000000e+02
-7.749999999999997158e+01
3.207777777777777715e+02
4.162666666666667084e+02
5.011250000000000000e+03
-2.295555555555555429e+02
-7.708888888888888005e+02
-3.020000000000000000e+02
-1.684000000000000057e+02
4.975000000000002842e+01
-3.801666666666667425e+02
-5.086111111111110858e+02
-1.414444444444444287e+02
-2.160666666666666629e+02
4.683333333333334281e+01
2.838666666666666742e+02
-5.110666666666667197e+02
-1.689523809523809632e+02
5.280333333333333940e+03
2.893999999999999773e+02
-3.158333333333333144e+02
2.544444444444443931e+01
4.683333333333334281e+01
-3.665000000000000568e+02
-7.888666666666666742e+02
-3.569333333333333940e+02
-6.876666666666666288e+02
-1.312666666666666515e+02
-8.808888888888888005e+02
-3.494444444444449260e+01
-3.550666666666667197e+02
-5.026666666666665719e+02
-3.535555555555555998e+02
-1.678888888888889142e+02
-4.785833333333333712e+02
-5.070833333333333712e+02
4.217333333333334053e+02
-1.175999999999999943e+02
1.519333333333333371e+02
-8.808333333333332860e+01
-6.797222222222222854e+02
1.016666666666662877e+01
-1.533333333333333428e+02
-1.970833333333333428e+02
-5.066666666666666856e+02
-3.565833333333333144e+02
-4.703999999999999773e+02
-1.680666666666666629e+02
-7.825000000000001421e+01
-4.273333333333332718e+01
-1.771999999999999886e+02
-3.993999999999999773e+02
-4.816666666666666288e+02
-1.450000000000000711e+01
-6.287333333333333485e+02
5.095166666666666060e+03
-3.900833333333333144e+02
-2.668333333333333712e+02
-7.324666666666666970e+02
-3.265000000000000000e+02
-5.298666666666665606e+02
-1.533333333333333428e+02
-2.430000000000000000e+02
-4.281666666666666288e+02
-5.020666666666667197e+02
-4.570000000000000000e+02
-8.365333333333334167e+02
-7.390000000000000000e+02
5.317833333333333030e+03
-5.566666666666669983e+01
-6.662500000000000000e+02
-4.556000000000000227e+02
-8.881333333333334394e+02
-8.182000000000000455e+02
-1.544000000000000057e+02
-3.612500000000000000e+02
-1.920833333333333428e+02
-4.065000000000000000e+02
-4.710000000000000000e+02
-7.437500000000000000e+02
4.333333333333325932e+00
-4.285000000000000000e+02
-2.112222222222222001e+02
9.933333333333347781e+00
-2.223333333333332860e+02
-5.443333333333333712e+02
-2.483333333333333712e+02
-6.888888888888888005e+02
-2.993999999999999773e+02
-1.737777777777777999e+02
-7.427333333333333485e+02
1.770000000000000000e+02
7.575000000000000000e+01
-9.772222222222222854e+02
-4.838666666666666742e+02
-4.937500000000000000e+02
-4.876666666666666856e+02
-8.958333333333332860e+01
-6.508666666666665606e+02
-6.348666666666667879e+02
-6.216666666666666288e+02
-3.910000000000000000e+02
-2.281111111111111143e+02
-4.428333333333333712e+02
3.402666666666667084e+02
-8.282000000000000455e+02
-9.916666666666671404e+00
-6.694444444444444571e+02
-8.963333333333333712e+02
-6.626666666666666288e+02
-7.939333333333333940e+02
-4.143999999999999773e+02
-8.250833333333332575e+02
-2.583333333333333144e+02
-2.773333333333333712e+02
-7.708333333333331439e+01
-2.581666666666666288e+02
-2.113333333333333428e+02
-2.226666666666666572e+02
-4.508666666666666174e+02
-2.840000000000000000e+02
-1.295333333333333030e+02
-9.277777777777751922e+00
-2.132222222222222001e+02
-2.684666666666666970e+02
-5.103333333333333712e+02
-2.132222222222222001e+02
-4.222500000000000000e+02
-7.210000000000000000e+02
-4.401111111111111427e+02
4.509166666666666288e+02
-1.628333333333333144e+02
-5.693333333333331581e+01
-2.085000000000000284e+02
-6.742666666666666515e+02
-9.606666666666667709e+01
-2.172222222222222854e+01
6.016666666666668561e+01
-3.370000000000000000e+02
1.540555555555555145e+02
-1.830555555555555713e+02
-6.654444444444444571e+02
-3.020000000000000000e+02
5.361111111111109295e+01
-2.833333333333334281e+01
-8.040833333333332575e+02
-4.507500000000000000e+02
-9.126000000000000227e+02
-2.751111111111111427e+02
-8.938666666666667879e+02
-3.244166666666666856e+02
-4.851666666666666856e+02
-5.499333333333333940e+02
-5.720555555555555429e+02
-5.956000000000000227e+02
-5.252666666666666515e+02
-5.440000000000000000e+02
-1.830555555555555713e+02
-1.585555555555555713e+02
-6.580000000000000000e+02
-2.113333333333334707e+01
-4.720000000000000000e+02
-4.052777777777778283e+02
1.730000000000000000e+02
-5.051666666666666856e+02
-8.369333333333333940e+02
5.711111111111112137e+01
-4.636666666666666856e+02
-1.275333333333333314e+02
-3.497500000000000000e+02
-4.406666666666666288e+02
-7.861333333333332121e+02
-4.210833333333333712e+02
-7.580000000000000000e+02
-6.541333333333333258e+02
-1.007333333333333201e+02
3.771428571428570109e+01
-9.097999999999999545e+02
-8.082500000000000000e+02
-4.825833333333333144e+02
-8.590000000000000000e+02
-2.535833333333333144e+02
2.477777777777775370e+01
-1.683809523809523796e+02
-6.388888888888888005e+02
-6.480000000000000000e+02
1.443333333333333428e+02
-8.201333333333332121e+02
-7.073999999999999773e+02
-8.040833333333332575e+02
-5.890000000000000000e+02
-4.341333333333333826e+02
-4.206000000000000227e+02
-2.033888888888888857e+02
-4.337222222222221717e+02
-4.126666666666666856e+02
-4.052500000000000000e+02
-4.246666666666666288e+02
-3.156000000000000227e+02
3.324999999999998579e+01
-7.755000000000000000e+02
-1.104666666666666544e+02
-6.161333333333333258e+02
2.777777777777778923e+01
-6.743888888888890278e+02
-4.250000000000000000e+02
-8.300000000000000000e+02
-1.584666666666666401e+02
4.013333333333334707e+01
-4.290555555555555998e+02
-3.874666666666666970e+02
-3.698666666666666742e+02
-1.892222222222222570e+02
-4.463999999999999773e+02
-5.508888888888890278e+02
-2.677333333333333485e+02
-7.091666666666669983e+01
-3.845000000000000000e+02
-6.527500000000000000e+02
1.113333333333334885e+01
-4.600000000000002132e+01
-2.595000000000000568e+02
-2.176666666666666572e+02
-6.789333333333332803e+02
-7.855833333333332575e+02
-8.565555555555555429e+02
-6.664444444444444571e+02
-4.046666666666666288e+02
-4.355000000000000000e+02
-5.169444444444443434e+02
-8.165333333333334167e+02
-7.626000000000000227e+02
-8.864666666666665833e+02
-5.843333333333333712e+02
-4.024166666666666288e+02
-8.050000000000000000e+02
-1.226666666666666572e+02
7.544444444444444287e+01
-4.919333333333332803e+02
-7.871666666666667425e+02
-3.418333333333333144e+02
-6.055000000000000000e+02
-5.631666666666666288e+02
-2.657333333333332916e+02
-5.891666666666668561e+01
-8.448666666666667879e+02
-3.123333333333333712e+02
-5.336000000000000227e+02
-6.113999999999999773e+02
-2.200000000000000000e+02
-9.350000000000000000e+02
-3.322222222222222285e+02
-1.845555555555555713e+02
-6.980666666666667197e+02
-8.236000000000000227e+02
-4.341333333333333826e+02
8.472222222222222854e+01
7.433333333333335702e+01
-3.131111111111111427e+02
-6.077999999999999545e+02
-3.083333333333333144e+02
-3.980666666666666060e+02
-4.562500000000000000e+02
5.061904761904764172e+01
2.133888888888889142e+02
-6.770000000000000000e+02
-4.909333333333333940e+02
1.508888888888888857e+02
-8.379999999999999716e+01
3.698000000000000114e+02
1.301666666666666572e+02
-4.276111111111111427e+02
2.617777777777777715e+02
1.506666666666666856e+02
-2.415000000000000000e+02
7.999999999999772848e-01
-3.294444444444444002e+02
1.165000000000000000e+02
-2.741111111111111427e+02
-1.175999999999999801e+02
-6.655555555555555713e+01
1.983333333333333215e+01
1.556111111111111143e+02
9.639999999999997726e+01
-1.536666666666666572e+02
3.946666666666666856e+02
-4.457500000000000000e+02
-5.294166666666666288e+02
-1.317777777777777999e+02
8.877777777777778567e+01
-2.782222222222222285e+02
8.700000000000000000e+01
3.248888888888889142e+02
5.713333333333332575e+01
-5.066666666666666856e+02
-1.631111111111111143e+02
2.948000000000000114e+02
-6.484666666666665833e+02
1.559166666666666856e+02
3.098888888888889142e+02
-2.369166666666666572e+02
3.600000000000000000e+02
-4.028000000000000114e+02
-5.215000000000000000e+02
5.952666666666666515e+02
-2.915555555555555429e+02
-4.006666666666664867e+01
-1.750666666666666629e+02
-5.263333333333333712e+02
1.898666666666666742e+02
-5.138333333333333712e+02
-4.075000000000000000e+01
-2.010000000000000000e+02
-1.112000000000000028e+02
-4.970666666666667197e+02
-3.861666666666666288e+02
-3.452222222222222285e+02
1.060666666666666771e+02
4.030000000000000000e+02
-4.225833333333333712e+02
-4.475000000000000000e+02
4.640952380952381304e+02
5.855555555555554292e+01
-5.252500000000000000e+02
4.216666666666665719e+01
6.746000000000000000e+03
-3.096000000000000227e+02
-4.478333333333333712e+02
5.911111111111111427e+01
-4.601333333333333258e+02
-4.275000000000000000e+02
1.214444444444444571e+02
-4.523333333333333712e+02
-1.011666666666666714e+02
7.672222222222221433e+01
-4.066666666666666288e+02
-2.170666666666666913e+02
1.109166666666666572e+02
2.824666666666666401e+02
-5.375000000000000000e+02
8.780952380952378178e+01
1.341333333333333542e+02
-4.532500000000000000e+02
-1.085333333333333456e+02
-2.645333333333333599e+02
1.388333333333333144e+02
6.755555555555555657e+03
-1.883333333333331439e+01
1.353333333333334920e+01
-1.564999999999999716e+02
1.090666666666666771e+02
-3.691666666666665719e+01
-4.985833333333333712e+02
5.400000000000022560e+00
-5.579999999999999716e+01
-2.171666666666666572e+02
-5.218888888888890278e+02
-1.604166666666666572e+02
-1.458666666666667027e+02
-3.332666666666667084e+02
-5.741666666666665719e+01
5.043888888888888573e+02
-8.566666666666665719e+01
-1.926666666666666572e+02
-6.742666666666666515e+02
-7.833333333333333037e+00
5.514444444444444571e+02
5.626000000000000227e+02
-1.964166666666666572e+02
5.606666666666666288e+02
1.936666666666666572e+02
6.357500000000000000e+02
2.871333333333333258e+02
-6.266666666666668561e+01
-1.123333333333333428e+02
-4.210000000000000000e+02
5.184000000000000000e+03
-2.707777777777777715e+02
1.371111111111111143e+02
2.713333333333332575e+01
-1.795000000000000000e+02
-1.484166666666666856e+02
3.010666666666666629e+02
-8.186666666666668846e+01
3.560000000000000142e+01
-3.165555555555555998e+02
-2.834444444444444571e+02
-5.500666666666666060e+02
-2.705333333333333030e+02
-8.825000000000001421e+01
7.005555555555555713e+01
-1.981999999999999602e+02
1.955000000000000000e+02
2.353333333333333997e+02
-1.654166666666666856e+02
-1.459166666666666856e+02
3.166666666666665009e+01
-6.466666666666668561e+01
3.250000000000000000e+02
2.394166666666666572e+02
4.328600000000000364e+03
-2.713333333333332575e+01
-4.485833333333333712e+02
2.560000000000000000e+02
1.646111111111110858e+02
-1.854444444444444855e+02
5.481166666666666970e+03
3.241999999999999886e+02
-1.595999999999999943e+02
9.606666666666669130e+01
4.500000000000014211e+00
5.393250000000000000e+03
4.200000000000000178e+00
2.753333333333333144e+02
-3.216666666666666856e+02
-3.266666666666666288e+02
-1.362666666666666515e+02
4.817833333333333940e+03
-1.648000000000000114e+02
-3.472222222222224985e+01
7.115333333333333030e+03
3.936666666666666856e+02
-2.841111111111111427e+02
-1.264666666666666686e+02
1.271666666666666714e+02
-2.246666666666666856e+02
-4.366666666666666856e+02
2.633333333333334281e+01
-6.722222222222222854e+02
7.699523809523809632e+02
-1.865999999999999943e+02
-1.566666666666664831e+01
-2.843333333333333144e+02
7.777777777777778567e+01
-6.960000000000000000e+02
-1.203333333333333712e+02
2.970000000000000000e+02
2.230000000000000000e+02
2.551333333333333542e+02
-4.293333333333333712e+01
1.841666666666665719e+01
-7.960000000000000853e+01
-2.439999999999999858e+01
-2.629333333333332803e+02
4.972333333333333030e+03
5.312500000000000000e+03
-4.975000000000000000e+02
-2.765333333333333030e+02
7.103333333333332575e+02
-9.302000000000000455e+02
9.750000000000000000e+00
-5.135000000000000000e+02
-6.573333333333333712e+02
4.679999999999999716e+01
-1.399333333333333371e+02
-5.845000000000000000e+02
-2.458333333333332860e+01
-5.500000000000028422e+00
-1.345833333333333428e+02
3.441666666666666856e+02
-1.499333333333333371e+02
-1.533333333333333428e+02
-4.260000000000000142e+01
1.720000000000000000e+02
4.154666666666666060e+03
2.201666666666666856e+02
-3.918888888888889710e+02
-4.354166666666666288e+02
9.927777777777778567e+01
4.359333333333333940e+02
3.030000000000000000e+02
6.718222222222222626e+03
-2.476666666666666572e+02
-1.409999999999999432e+02
-4.603999999999999773e+02
6.893000000000000000e+03
2.927500000000000000e+02
-2.281111111111111143e+02
-2.385555555555555145e+02
-2.501111111111110858e+02
7.877777777777777146e+01
-1.262499999999999716e+02
-2.566666666666667496e+01
1.350833333333333428e+02
1.027999999999999972e+02
2.738055555555555429e+02
-4.973333333333333144e+02
5.262583333333333940e+03
3.458333333333333712e+02
3.063999999999999773e+02
1.599333333333333371e+02
-6.777777777777778567e+01
-2.128888888888888289e+02
3.357500000000000000e+02
-3.777777777777778283e+02
-1.059166666666666714e+02
-3.606000000000000227e+02
-2.315555555555555429e+02
-5.016666666666668561e+01
-5.071666666666667425e+02
8.159999999999999432e+01
2.825333333333333599e+02
1.042666666666666941e+02
-1.991666666666666856e+02
-4.165833333333333712e+02
-1.107333333333333201e+02
-1.117999999999999972e+02
-4.595000000000000000e+02
-5.066666666666708174e+00
5.034666666666666970e+03
-2.319999999999999929e+01
-1.797500000000000000e+02
-1.535999999999999943e+02
-1.404666666666666686e+02
-2.836666666666666288e+02
1.498888888888888857e+02
-2.002222222222222570e+02
4.861111111111112137e+01
-4.904666666666665833e+02
3.403333333333333144e+02
-1.207500000000000142e+02
2.431999999999999886e+02
-4.300000000000000000e+02
3.505333333333333599e+02
-4.113333333333333712e+02
-1.167500000000000142e+02
3.588000000000000114e+02
1.713333333333333428e+02
4.995555555555555998e+02
-2.295333333333333883e+02
2.623333333333333144e+02
-4.713999999999999773e+02
4.060000000000000000e+02
5.849166666666667425e+02
-4.321666666666666288e+02
-7.447500000000000000e+02
4.198000000000000114e+02
-1.783333333333333428e+02
5.456166666666666060e+03
4.960250000000000000e+03
-5.128333333333333712e+02
-1.553333333333333428e+02
6.866666666666664298e+01
4.722000000000000000e+03
6.895111111111112223e+03
-7.316666666666665719e+01
-5.103333333333333144e+02
1.282222222222222285e+02
-4.970833333333333712e+02
-5.332500000000000000e+02
1.966666666666666785e+01
-3.407333333333334053e+02
7.119000000000000000e+03
-5.341666666666665719e+01
-1.201666666666666714e+02
-3.266666666666666856e+02
-3.291999999999999886e+02
-3.850000000000000000e+02
-1.877222222222222570e+02
-5.080000000000000000e+02
-4.450000000000000000e+02
-4.469444444444444002e+02
-3.173999999999999773e+02
-5.179999999999999716e+01
-3.051333333333333258e+02
4.916666666666664298e+00
-5.518666666666665606e+02
-1.840666666666666629e+02
-3.964166666666666288e+02
-1.969444444444444855e+02
-8.277999999999999545e+02
-2.123333333333333144e+02
-4.379444444444445139e+02
4.553333333333332433e+01
-3.232222222222222285e+02
1.767500000000000000e+02
-5.180000000000000000e+02
-1.597777777777777715e+02
2.421666666666666572e+02
-5.968888888888888005e+02
6.272222222222224985e+01
-2.917777777777777715e+02
-4.177500000000000000e+02
-1.393333333333334778e+01
-4.914166666666666288e+02
7.738888888888889994e+01
-8.997333333333333485e+02
-2.608333333333332860e+01
-4.438888888888889284e+01
-5.351666666666666288e+02
-2.943333333333333144e+02
-3.475833333333333712e+02
-8.038333333333333712e+02
-1.512500000000000000e+02
-4.077777777777779278e+01
-4.877500000000000000e+02
-3.297777777777777715e+02
-8.347619047619046739e+01
-3.372666666666667084e+02
9.158333333333334281e+01
-3.110000000000000000e+02
7.089666666666666970e+03
-2.420000000000000000e+02
-5.857333333333333485e+02
-6.861111111111110006e+01
-1.964444444444444287e+02
-3.020666666666667197e+02
-2.060000000000000000e+02
5.636666666666667425e+02
7.305555555555554292e+01
-1.988333333333332860e+02
-7.128333333333333712e+02
4.327333333333334053e+02
-1.450666666666666629e+02
-5.359999999999998010e+01
-2.339999999999999858e+01
-1.272000000000000028e+02
3.761666666666666288e+02
2.622222222222221077e+01
-6.360000000000001137e+02
-7.210000000000000000e+02
-4.131666666666666856e+02
3.089333333333333371e+02
-8.076666666666666288e+02
2.005000000000000284e+02
-7.356666666666667425e+02
-2.273888888888888857e+02
-2.810000000000000000e+02
1.679444444444444855e+02
5.036388888888889142e+02
1.140000000000000036e+01
4.673600000000000364e+03
-1.686111111111111143e+02
-5.263999999999999773e+02
-3.864166666666666288e+02
7.505555555555552871e+01
-1.430666666666666629e+02
-5.039166666666666856e+02
-4.965833333333333712e+02
-2.822222222222222285e+02
6.688888888888889596e+03
2.469166666666666572e+02
-4.699166666666666288e+02
-3.024666666666666970e+02
-3.512222222222221717e+02
-3.547619047619046739e+01
-5.743333333333333712e+02
-5.456666666666667425e+02
2.991388888888889142e+02
-3.597777777777778283e+02
1.773333333333333997e+02
-4.566666666666668561e+01
-1.197222222222222143e+02
-3.560833333333333144e+02
-4.013999999999999773e+02
-8.320666666666668334e+02
-1.947500000000000000e+02
5.656416666666666060e+03
2.661999999999999886e+02
-4.423333333333333144e+02
-7.054444444444444571e+02
1.194000000000000057e+02
1.802666666666666515e+02
-6.694444444444444571e+02
-7.043333333333333712e+02
-5.356000000000000227e+02
1.725000000000000000e+01
-2.993809523809524080e+02
-4.673333333333333712e+02
-6.586666666666667425e+02
-5.396666666666667425e+02
-2.150000000000000000e+02
-4.148000000000000114e+02
-5.998333333333333712e+02
3.209333333333332803e+02
-5.328333333333333712e+02
2.823888888888889142e+02
-8.800000000000000000e+01
3.476000000000000227e+02
-7.500000000000018652e+00
-6.011333333333333258e+02
1.791666666666666572e+02
-6.652666666666666515e+02
2.838888888888883955e+01
-5.733333333333329307e+01
1.744000000000000341e+02
2.510000000000000000e+02
-9.116666666666665719e+01
-5.463333333333333712e+02
-4.606666666666666288e+02
7.160666666666666970e+03
-3.477333333333333485e+02
-4.141666666666666288e+02
-3.457500000000000000e+02
-2.444666666666666401e+02
-2.833333333333333712e+02
-2.524000000000000057e+02
5.228999999999999773e+02
-2.342222222222222570e+02
-2.105000000000000000e+02
-7.977777777777777146e+02
1.506666666666666856e+02
-5.075833333333333712e+02
1.461111111111108585e+01
2.478666666666667027e+02
-4.597777777777777715e+02
-2.707777777777777715e+02
-6.350833333333333712e+02
-6.307333333333333485e+02
-2.677777777777777146e+01
2.872666666666666515e+02
5.160083333333333940e+03
-5.400000000000003553e+01
1.873888888888888857e+02
-3.133333333333348403e+00
-3.790555555555554861e+02
-6.178333333333333712e+02
-1.189999999999999716e+02
-3.401333333333333258e+02
-9.172222222222222854e+01
-8.380833333333332575e+02
-7.900000000000001421e+01
-5.377999999999999545e+02
2.008666666666666458e+02
6.653333333333331723e+01
-1.665000000000000000e+02
-6.091333333333333258e+02
1.036111111111110716e+02
6.798777777777777374e+03
-1.461666666666666856e+02
6.763888888888889596e+03
-4.067500000000000000e+02
-1.711666666666666572e+02
-4.875555555555555998e+02
-4.146666666666666856e+02
-2.433333333333333144e+02
6.687555555555555657e+03
-5.382222222222222854e+02
-4.146666666666666856e+02
-3.867222222222222285e+02
7.185666666666666970e+03
-1.405555555555552338e+01
6.755555555555555657e+03
-3.970000000000000000e+02
-4.060000000000000000e+02
-2.807222222222222285e+02
-4.959333333333333940e+02
-9.040666666666666060e+02
-2.034444444444444855e+02
-8.050000000000000000e+01
-4.470833333333333144e+02
-3.240000000000000000e+02
-2.339444444444444571e+02
-2.535555555555555713e+02
-8.536666666666666288e+02
-5.373333333333333712e+02
-1.179333333333333229e+02
-7.185833333333332575e+02
-6.596666666666666288e+02
-5.727999999999999545e+02
-2.439333333333333087e+02
-5.002666666666667084e+02
-5.511333333333333258e+02
-4.160000000000000000e+02
-6.622777777777777146e+02
-9.133333333333348847e+00
-8.465333333333334167e+02
-6.784444444444444571e+02
-6.261999999999999318e+02
-7.965833333333333712e+02
4.530600000000000364e+03
-3.830833333333333712e+02
-1.227500000000000000e+02
-2.424000000000000057e+02
-6.136666666666666288e+02
-1.035833333333333286e+02
1.245833333333333428e+02
-1.860833333333333428e+02
-1.464000000000000057e+02
2.765999999999999659e+02
-4.941666666666666856e+02
-6.216666666666667425e+02
-5.039166666666666856e+02
6.895111111111112223e+03
-4.631666666666666288e+02
-1.104000000000000057e+02
-3.076111111111110290e+02
-5.412000000000000455e+02
3.777777777777777146e+01
-4.631999999999999886e+02
-6.378888888888888005e+02
1.100666666666666771e+02
-4.734166666666666288e+02
-5.457777777777777146e+02
6.766111111111110404e+03
-3.906666666666666856e+02
-4.900000000000000000e+02
-4.905000000000000000e+02
-1.815999999999999659e+02
6.809000000000000000e+03
-2.100000000000000000e+02
-1.603333333333333144e+02
-5.317333333333333485e+02
-4.314666666666666970e+02
-2.393333333333333428e+02
-1.914666666666666970e+02
-3.892500000000000000e+02
-5.093999999999999773e+02
-5.545333333333334167e+02
-3.366666666666668561e+01
5.378416666666666970e+03
-5.758888888888890278e+02
-2.060833333333333428e+02
7.157888888888889596e+03
6.766111111111110404e+03
-4.278666666666666742e+02
-2.636666666666666856e+02
1.761666666666666856e+02
5.044500000000000000e+03
-2.752222222222222285e+02
-5.147500000000000000e+02
-4.050000000000000000e+02
1.503333333333333428e+02
5.406666666666664867e+01
-6.200555555555555429e+02
-5.478333333333333712e+02
-5.426666666666667425e+02
-4.971666666666667425e+02
-4.233999999999999773e+02
9.353333333333334565e+01
-8.624666666666668107e+02
-5.133333333333331439e+01
-4.930000000000000000e+02
-3.199333333333333371e+02
-8.481428571428571104e+02
-4.624166666666666856e+02
-7.808333333333333712e+02
-2.970000000000000000e+02
-2.273333333333333144e+02
-6.620476190476190368e+02
-1.552666666666666515e+02
-4.983333333333333712e+02
5.593333333333333712e+01
-2.541111111111110858e+02
-7.880833333333333712e+02
-1.937333333333333201e+02
-6.374444444444444571e+02
-1.875333333333333599e+02
5.177777777777777857e+01
-4.113333333333333144e+02
-3.900000000000000000e+02
-4.200000000000000000e+01
-5.838888888888887863e+01
6.802555555555555657e+03
-4.513999999999999773e+02
-1.014166666666666714e+02
-8.785000000000000000e+02
-4.557333333333332916e+02
-6.080000000000001137e+02
-1.892000000000000171e+02
3.009444444444444571e+02
-3.825833333333333712e+02
5.080083333333333030e+03
-8.614666666666665833e+02
-9.392777777777777146e+02
-4.196666666666666288e+02
-2.704444444444444571e+02
5.207916666666666970e+03
-4.711999999999999886e+02
-8.445833333333332575e+02
-4.541333333333333258e+02
-5.011333333333333826e+02
5.080083333333333030e+03
-2.180000000000000000e+02
-4.265833333333333712e+02
-1.785999999999999943e+02
4.875416666666666970e+03
-3.986000000000000227e+02
-7.857999999999999545e+02
-3.480833333333333712e+02
5.835583333333333940e+03
-6.900000000000002842e+01
6.711333333333333030e+03
-5.074666666666666970e+02
4.316533333333333758e+03
-2.660000000000000000e+02
-2.666000000000000227e+02
-3.138666666666666742e+02
-4.327333333333332916e+02
-4.366666666666666288e+02
-1.341999999999999886e+02
-2.518888888888889142e+02
-7.023888888888888005e+02
-1.291666666666666572e+02
-4.407499999999999432e+02
-4.493333333333333144e+02
-1.116666666666666714e+02
-4.399333333333333940e+02
5.256250000000000000e+03
2.049166666666666572e+02
-1.010000000000000284e+02
-4.326666666666667282e+01
3.838533333333332848e+03
5.514166666666666060e+03
6.711333333333333030e+03
-3.010000000000000000e+02
4.783916666666666060e+03
-5.981333333333333258e+02
-1.521999999999999886e+02
-3.916666666666666856e+02
4.816083333333333030e+03
-2.470000000000000000e+02
8.988888888888887152e+01
-3.698888888888889142e+02
-4.283333333333333144e+02
-4.572500000000000000e+02
-5.483999999999999773e+02
-4.658000000000000114e+02
-1.518000000000000114e+02
-4.692222222222222285e+02
-7.441666666666666288e+02
-4.485833333333333144e+02
6.711333333333333030e+03
1.980000000000000000e+02
4.875416666666666970e+03
-3.138666666666666742e+02
-3.255333333333333599e+02
-5.549333333333333940e+02
-2.065000000000000000e+02
-3.976666666666667425e+02
-1.178333333333333570e+02
2.010000000000000000e+02
-8.243333333333332575e+02
-4.350000000000000000e+02
-1.899166666666666572e+02
-2.725333333333334167e+02
-8.365333333333331893e+02
-4.170666666666667197e+02
5.275750000000000000e+03
-3.802000000000001023e+02
6.700222222222222626e+03
-4.416666666666685614e+00
-2.666000000000000227e+02
-2.395833333333333428e+02
6.676444444444445253e+03
-4.485833333333333144e+02
-9.646666666666666856e+01
-4.196666666666666856e+02
-2.308333333333333712e+02
-4.345000000000000000e+02
-4.342500000000000000e+02
-4.193333333333333144e+02
3.867599999999999909e+03
-3.711111111111110858e+02
2.040833333333333144e+02
-8.941666666666668561e+01
-1.975555555555555713e+02
1.845833333333333428e+02
6.711333333333333030e+03
-4.941111111111111427e+02
-3.871333333333333826e+02
-2.766666666666666856e+02
5.103083333333333940e+03
-4.513999999999999773e+02
-1.572500000000000000e+02
-4.170000000000000000e+02
6.790444444444444343e+03
-6.120000000000001137e+02
-2.170000000000000000e+02
-4.150555555555556566e+02
-1.073333333333334849e+01
-5.066666666666666856e+02
-4.257333333333332916e+02
-2.604666666666666970e+02
5.844444444444443576e+01
-2.793333333333333712e+02
-3.981999999999999886e+02
1.347777777777777715e+02
5.275750000000000000e+03
-2.476666666666666572e+02
4.816083333333333030e+03
-4.101111111111111427e+02
6.106666666666667709e+01
-4.193333333333333144e+02
-9.668666666666667879e+02
-4.733333333333333144e+02
-3.115333333333334167e+02
-2.899333333333333371e+02
-8.400666666666668334e+02
-8.380833333333332575e+02
-7.364666666666666970e+02
-4.268333333333333144e+02
-7.442500000000000000e+02
-5.327222222222222854e+02
1.526666666666666856e+02
-5.970000000000000000e+02
-9.128333333333333712e+02
-6.035333333333333030e+02
-5.506000000000000227e+02
-3.173888888888889142e+02
-7.909444444444443434e+02
-7.818333333333333712e+02
-3.111333333333333258e+02
-6.097999999999999545e+02
-8.056666666666667425e+02
-9.286111111111111995e+02
-1.382500000000000000e+02
-5.188666666666665606e+02
-4.877500000000000000e+02
-4.411666666666666856e+02
-5.585333333333333030e+02
-5.366666666666666288e+02
-8.237500000000000000e+02
-1.248333333333333286e+02
5.095666666666667197e+02
-4.562500000000000000e+02
-1.065999999999999943e+02
-6.158666666666665606e+02
-4.209333333333333940e+02
-3.093333333333333712e+02
-3.416666666666666288e+02
-5.213333333333333712e+02
-3.967777777777777715e+02
-6.783333333333333712e+02
-8.543333333333333712e+02
-5.592777777777778283e+02
-8.476666666666666288e+02
-6.598333333333332575e+02
-9.353888888888890278e+02
-1.962666666666666515e+02
-6.759333333333332803e+02
-3.650000000000000000e+02
-3.209333333333333940e+02
-2.099333333333333371e+02
-4.488333333333333144e+02
-4.442500000000000000e+02
-3.035555555555555998e+02
1.557777777777777999e+02
-4.278666666666666742e+02
-4.421666666666666856e+02
-7.704166666666667425e+02
-3.736111111111110858e+02
-1.123333333333333286e+02
-4.905000000000000000e+02
-2.754444444444444002e+02
-8.031666666666666288e+02
-5.441333333333333258e+02
-1.610000000000000284e+02
-6.700833333333333712e+02
-5.977777777777777146e+02
-5.887999999999999545e+02
-7.830000000000000000e+02
-3.093333333333333144e+02
-8.235000000000000000e+02
2.074999999999998579e+01
-7.995555555555555429e+02
-1.143333333333333286e+02
-7.962666666666666515e+02
-4.685000000000000000e+02
-6.942777777777778283e+02
-1.543999999999999773e+02
-4.908333333333333712e+02
-4.616000000000000227e+02
-7.563333333333333712e+02
-3.920833333333333712e+02
-9.090555555555555429e+02
-4.541666666666666856e+02
-7.820000000000000000e+02
-2.745000000000000000e+02
-4.817333333333332916e+02
-3.893333333333333712e+02
-4.238666666666666742e+02
6.789555555555555657e+03
-3.487222222222221717e+02
-4.178000000000000114e+02
-7.777333333333332348e+02
-2.804666666666666970e+02
-8.864666666666665833e+02
-2.513333333333333428e+02
-6.777500000000000000e+02
-4.748000000000000114e+02
-7.793999999999999773e+02
-2.910666666666667197e+02
-5.327619047619048160e+02
6.762444444444444343e+03
-4.740000000000000000e+02
-5.194166666666666288e+02
-2.321111111111110858e+02
-6.125333333333334167e+02
-6.638888888888889142e+02
-2.622500000000000000e+02
-4.149333333333333940e+02
-5.173999999999999773e+02
8.666666666666666075e+00
-8.493333333333336554e+01
-4.726666666666666288e+02
-6.125333333333334167e+02
-3.573333333333333712e+02
-4.378666666666666742e+02
-5.696000000000000227e+02
6.758888888888889596e+03
-4.097333333333332916e+02
6.779333333333333030e+03
-3.139166666666666856e+02
-6.484666666666666970e+02
-2.906666666666666288e+01
-1.677333333333333201e+02
-2.627500000000000000e+02
-3.029333333333333940e+02
-2.780833333333333712e+02
-4.979166666666666856e+02
-3.090666666666667197e+02
-1.738000000000000114e+02
-4.957333333333334053e+02
-3.079444444444444002e+02
-5.202666666666666515e+02
-1.209166666666666572e+02
-5.162777777777778283e+02
-2.715000000000000000e+02
1.318333333333333428e+02
-4.583333333333333144e+02
-7.206666666666666288e+02
-2.694166666666666288e+02
-5.712666666666666515e+02
-3.091111111111110858e+02
-5.413333333333333712e+02
-2.473333333333333428e+02
-7.350000000000000000e+02
-3.291999999999999318e+02
-6.541333333333333258e+02
-3.993333333333333144e+02
-5.853333333333333712e+02
-2.822222222222222285e+02
-8.463999999999999773e+02
-2.560555555555555998e+02
-6.516666666666662877e+01
-6.517999999999999545e+02
-8.300000000000000000e+02
-8.111111111111112848e+01
-5.573333333333332575e+02
-5.512000000000000455e+02
-8.234666666666665833e+02
-5.644666666666665833e+02
-7.611666666666667425e+02
-4.407500000000000000e+02
-8.807333333333332348e+02
-6.115000000000000000e+02
-6.626666666666666288e+02
-5.271666666666667425e+02
-1.449166666666666572e+02
-3.222500000000000000e+02
1.417619047619047876e+02
-2.945000000000000000e+02
1.592857142857142776e+02
-6.562000000000000455e+02
-4.768333333333333144e+02
-1.336666666666666288e+02
1.107500000000000000e+02
3.183333333333333144e+02
3.151428571428571672e+02
-2.356666666666666572e+02
-4.068333333333333144e+02
-4.902666666666667084e+02
-4.944166666666666288e+02
2.043333333333333428e+02
1.652380952380952124e+02
-8.541666666666664298e+01
-3.269999999999999432e+02
-6.230666666666667197e+02
-4.879166666666666856e+02
-3.214999999999999432e+02
-1.755833333333333144e+02
-4.668888888888889142e+02
1.765000000000000284e+02
-4.808333333333333712e+02
-6.333333333333333712e+02
-5.608333333333331439e+01
-1.355999999999999659e+02
-2.306666666666666288e+02
1.138095238095239203e+01
2.858333333333332860e+01
1.769333333333333371e+02
-1.057333333333333201e+02
1.375555555555555713e+02
-5.148333333333333712e+02
-8.520000000000000000e+02
7.939999999999999147e+01
-1.935000000000000284e+02
-4.344444444444442155e+01
5.605555555555557845e+01
1.624761904761904532e+02
2.950666666666666629e+02
-2.181666666666666572e+02
-6.473333333333333712e+02
-4.917777777777778283e+02
-5.985333333333334167e+02
8.080952380952378178e+01
-2.030555555555555713e+02
-6.666666666665151120e-02
-4.005000000000000000e+02
-1.753333333333333428e+02
-1.997333333333333485e+02
-3.700000000000000000e+02
-1.568666666666666458e+02
-5.111666666666666856e+02
-4.531111111111111427e+02
-1.942222222222222001e+02
-1.232000000000000028e+02
-7.613333333333333712e+02
-2.780833333333333712e+02
-6.541333333333333258e+02
-5.041666666666666288e+02
-3.221666666666666856e+02
-2.407777777777777430e+02
-6.388888888888888005e+02
-2.803999999999999773e+02
-7.360000000000000000e+02
-8.347619047619046739e+01
-1.464761904761904248e+02
-1.832666666666666515e+02
1.493333333333333428e+02
-2.159999999999999716e+02
-3.035555555555555998e+02
-4.344444444444442155e+01
-1.943333333333333144e+02
-5.156666666666666288e+02
-7.333333333333332860e+01
-3.434666666666666970e+02
-7.426666666666666288e+02
-5.041666666666666288e+02
-6.635333333333333030e+02
-7.426666666666666288e+02
-1.155555555555555429e+02
-2.889166666666666288e+02
-8.023809523809518396e+01
-7.800000000000000000e+02
-3.261666666666666288e+02
-5.426666666666666288e+02
-3.950000000000000000e+02
-1.151111111111110858e+02
-2.986666666666666288e+02
-6.002000000000000455e+02
-1.020833333333333144e+02
7.000000000000032863e+00
-5.222222222222217169e+01
-3.535000000000000000e+02
-3.472666666666667084e+02
-2.633333333333334991e+01
-6.682222222222222854e+02
-1.125000000000000000e+02
-4.734166666666666856e+02
-4.964999999999999432e+02
-4.165000000000000000e+02
-4.993999999999999773e+02
-5.608333333333331439e+01
-8.807333333333332348e+02
