1.013333333333333286e+02
4.575000000000000000e+01
-8.050000000000000000e+02
9.958333333333334281e+01
-4.476666666666666288e+02
-4.904666666666666970e+02
-1.253333333333333002e+02
-6.076666666666667425e+02
-4.186666666666666288e+02
7.920000000000000284e+01
3.089333333333333371e+02
2.531999999999999886e+02
6.797888888888889596e+03
-6.227777777777777146e+01
-2.613333333333331510e+01
-5.293999999999999773e+02
-1.303333333333333144e+02
-1.552666666666667084e+02
9.000000000000000000e+00
1.341666666666666572e+02
-2.537777777777777430e+02
-2.888888888888889142e+02
-5.321666666666667425e+02
6.770000000000000000e+03
-3.297500000000000000e+02
-1.012500000000000000e+02
-2.242666666666666515e+02
-1.470833333333333428e+02
-3.387500000000000000e+02
-5.150666666666667197e+02
-1.219333333333333087e+02
-3.930833333333333712e+02
-3.506666666666666288e+01
-2.148000000000000114e+02
1.441111111111111143e+02
-4.340000000000000000e+02
4.301944444444445139e+02
-3.300000000000000000e+02
3.648055555555555998e+02
1.406111111111111143e+02
-3.470000000000000000e+02
6.693333333333333712e+02
-9.583333333333332860e+01
1.121111111111111285e+02
4.445266666666666424e+03
8.933333333333326465e+00
-2.081111111111111711e+02
-3.795000000000000000e+02
-2.400000000000000000e+02
3.239333333333332803e+02
-2.730833333333333712e+02
1.297500000000000000e+02
-4.695000000000000000e+02
-1.426666666666666856e+02
4.230199999999999818e+03
-6.383333333333337123e+01
-2.900666666666667197e+02
5.235833333333333712e+02
-8.908333333333331439e+01
-2.483333333333332860e+01
-1.174000000000000199e+02
-2.795555555555555998e+02
5.283333333333333712e+02
5.364333333333333940e+02
1.231333333333333258e+02
-1.159444444444444571e+02
1.054444444444444571e+02
-1.700000000000000000e+02
-3.321333333333333258e+02
-5.400000000000000000e+01
8.033333333333335702e+01
-4.729166666666666288e+02
-1.766111111111111143e+02
-5.937999999999999545e+02
-1.643333333333333428e+02
-1.465833333333333144e+02
1.762777777777777430e+02
-1.047999999999999545e+02
-4.632500000000000000e+02
-1.737333333333333201e+02
-4.860833333333333712e+02
-4.553333333333333144e+02
1.619999999999999716e+02
-1.140666666666666487e+02
5.259083333333333030e+03
1.566666666666667496e+01
-3.229999999999999432e+02
2.410000000000000000e+02
5.345083333333333030e+03
4.053333333333334565e+01
-1.365999999999999943e+02
1.464666666666666686e+02
-1.071333333333333542e+02
1.026666666666666714e+02
2.269333333333333087e+02
-1.418666666666666458e+02
-8.355555555555550029e+01
-5.528666666666666742e+02
-1.934000000000000057e+02
-1.394166666666666856e+02
5.396250000000000000e+03
-6.900000000000002842e+01
-7.220000000000000284e+01
-4.717500000000000000e+02
-5.326666666666667425e+02
5.511833333333333030e+03
-1.627500000000000000e+02
-2.705833333333333712e+02
1.542666666666666515e+02
-2.584999999999999432e+02
4.455555555555556424e+01
-7.638666666666666742e+02
-2.275000000000000284e+02
-6.741666666666667425e+02
-3.477500000000000000e+02
5.302250000000000000e+03
1.058333333333331439e+01
2.776111111111110858e+02
1.351333333333333542e+02
-1.017333333333333343e+02
5.386583333333333030e+03
7.816666666666664298e+01
6.619047619047607967e+00
-6.900000000000000000e+01
3.481111111111111427e+02
-2.061333333333333542e+02
-1.750000000000000000e+01
-2.260000000000000000e+02
4.333333333333333570e+01
-4.312777777777777715e+02
-3.692777777777778283e+02
4.951999999999999886e+02
-9.258333333333335702e+01
-4.838000000000000114e+02
1.309999999999999716e+02
-8.336000000000000227e+02
5.369416666666666970e+03
-9.066666666666669983e+01
-3.292777777777777715e+02
-2.100000000000000000e+02
-1.314999999999999716e+02
-2.880666666666667197e+02
9.233333333333331439e+01
1.465833333333333428e+02
1.375000000000000000e+01
-7.945000000000000000e+02
1.732500000000000000e+02
1.425333333333333599e+02
7.904666666666666970e+02
-8.238095238095249684e+00
-5.752500000000000000e+02
-4.791666666666668561e+01
1.212000000000000028e+02
-5.655833333333332575e+02
7.799999999999999822e+00
-7.991666666666668561e+01
-2.907777777777777715e+02
-6.092222222222222854e+02
-2.204166666666666572e+02
-1.502777777777777999e+02
1.856111111111110858e+02
3.701333333333333258e+02
3.460555555555554861e+02
-6.144444444444443576e+01
-6.165833333333333712e+02
-5.813333333333333712e+02
-4.366666666666666856e+02
-2.175999999999999943e+02
4.796750000000000000e+03
-1.041666666666666572e+02
-2.128333333333333428e+02
-3.511999999999999886e+02
3.535333333333333599e+02
-1.132500000000000142e+02
5.666666666666666430e+01
-6.830000000000000000e+02
7.886666666666667425e+01
-5.886000000000000227e+02
-1.886666666666666572e+02
5.292000000000000000e+03
-2.609333333333332803e+02
-3.130000000000000568e+02
-4.537333333333332916e+02
-4.584166666666666288e+02
-1.758333333333331439e+01
6.186666666666666288e+02
-8.372222222222221433e+01
-4.916666666666665719e+01
1.035333333333333456e+02
3.900000000000000711e+01
-1.527333333333332916e+02
-1.982500000000000000e+02
-2.186666666666662806e+01
4.897777777777777715e+02
-1.777777777777777430e+02
3.803333333333333144e+02
-1.519333333333333371e+02
5.603500000000000000e+03
3.531333333333333258e+02
-3.936000000000000227e+02
2.345000000000000000e+02
4.510199999999999818e+03
-6.219333333333333940e+02
-8.940000000000000568e+01
2.252666666666667084e+02
-4.341333333333333826e+02
-2.350555555555555429e+02
-9.919999999999998863e+01
5.449416666666666970e+03
-2.515833333333333428e+02
-1.341666666666666856e+02
1.087333333333333485e+02
-4.507777777777778283e+02
2.271333333333332973e+02
4.678199999999999818e+03
-3.102666666666667084e+02
2.849333333333333371e+02
2.572666666666667084e+02
6.887444444444445253e+03
-3.294444444444444002e+02
4.381533333333333758e+03
5.477583333333333030e+03
5.270250000000000000e+03
4.872222222222220722e+01
-1.459999999999999716e+02
2.417500000000000000e+02
-6.533333333333334281e+01
-1.640000000000000000e+02
2.691333333333333258e+02
3.338888888888887863e+01
-3.285333333333333599e+02
-4.737500000000000000e+02
-5.500000000000000000e+01
1.884000000000000341e+02
-1.969333333333333371e+02
-2.462222222222222001e+02
-2.449333333333333371e+02
-4.213999999999999773e+02
2.213333333333333144e+02
-1.769166666666666572e+02
5.776666666666667425e+02
-3.493999999999999773e+02
-2.879999999999997584e+01
1.681999999999999886e+02
-1.551999999999999886e+02
2.863999999999999773e+02
-3.423333333333333144e+02
-2.465999999999999943e+02
-5.379166666666667425e+02
1.864666666666666401e+02
-2.066666666666666572e+02
7.333333333333342807e+00
-5.810666666666667197e+02
1.891666666666668561e+01
7.050000000000000000e+02
6.746000000000000000e+03
9.205555555555554292e+01
6.713888888888889596e+03
-1.400000000000000000e+01
8.411111111111111427e+01
-5.305555555555552161e+01
-5.900000000000000000e+02
1.877777777777777999e+02
-5.226666666666666288e+02
1.708000000000000114e+02
-2.811333333333333258e+02
2.425833333333333144e+02
-2.647999999999999545e+02
-3.020000000000000000e+02
4.441399999999999636e+03
-4.547500000000000000e+02
-1.820000000000000000e+02
-3.977333333333332916e+02
6.000000000000000000e+01
-7.106000000000000227e+02
3.566000000000000227e+02
-3.466666666666651686e+00
-1.239999999999997726e+01
-1.841666666666668561e+01
-6.574666666666665833e+02
-1.573333333333333712e+02
4.350533333333333758e+03
1.251666666666666572e+02
-2.092777777777777430e+02
2.733333333333333712e+02
-3.189333333333332803e+02
7.266666666666667140e+01
4.444444444444854980e-01
-4.358333333333333144e+02
-2.342666666666666515e+02
9.368333333333333712e+02
5.096833333333333940e+03
-5.306000000000000227e+02
-4.172500000000000000e+02
-4.511111111111112137e+01
4.901750000000000000e+03
-5.090000000000000000e+02
1.078888888888888999e+02
-4.601666666666666288e+02
1.688888888888889426e+02
-8.436666666666667425e+02
4.641666666666666856e+02
-4.350000000000000000e+02
-4.345000000000000000e+02
-3.214444444444444571e+02
-2.155333333333333030e+02
4.133333333333334991e+01
-2.210000000000000000e+02
-9.927777777777775725e+01
-5.070833333333333712e+02
6.083333333333334281e+01
-3.083333333333314386e+00
-2.070666666666666629e+02
-2.213333333333333997e+02
-6.210666666666667197e+02
-7.816666666666665719e+01
1.608000000000000114e+02
-4.738333333333333144e+02
-1.882222222222222001e+02
-4.014166666666666856e+02
4.952666666666666060e+03
-4.781333333333333258e+02
6.718000000000000000e+03
4.908666666666666174e+02
6.188888888888889284e+01
-4.304166666666666288e+02
-7.975833333333333712e+02
-1.277222222222222143e+02
-1.980000000000000000e+02
-4.250000000000000000e+01
9.211111111111112848e+01
-4.783999999999999773e+02
6.772000000000000000e+03
-2.435555555555555713e+02
5.438611111111110858e+02
-6.522222222222218591e+01
-6.878666666666666742e+02
1.700833333333333428e+02
-1.491666666666666856e+02
-3.319333333333333371e+02
4.020000000000000000e+02
2.211666666666666856e+02
2.246666666666665080e+01
-4.213333333333333712e+02
3.702222222222222285e+02
-2.600000000000000000e+02
-2.160000000000000000e+02
-2.328888888888888857e+02
-1.354666666666666970e+02
6.759000000000000000e+03
-5.294166666666666288e+02
-3.062666666666666515e+02
-4.971333333333333826e+02
1.141666666666668561e+01
-8.052000000000000455e+02
-8.175000000000000000e+02
-8.893333333333332291e+01
-4.095000000000000000e+02
1.097999999999999972e+02
-1.467333333333333201e+02
-1.893333333333333428e+02
-2.380000000000000000e+02
-4.700000000000000000e+01
5.764444444444444571e+02
-1.903888888888889142e+02
-2.168666666666666458e+02
3.400833333333333144e+02
1.231333333333332973e+02
-5.886000000000000227e+02
-5.187500000000000000e+02
-2.442666666666666515e+02
2.445000000000000000e+02
-3.091666666666666856e+02
7.211111111111112848e+01
-2.526666666666667282e+01
-4.846666666666666288e+02
-2.747777777777777715e+02
-4.664166666666666856e+02
-2.994444444444444571e+02
-3.233333333333333144e+02
2.510000000000000000e+02
-5.192000000000000455e+02
-6.592222222222222854e+02
-5.475000000000001421e+01
-2.625555555555555998e+02
-5.573999999999999773e+02
4.273333333333336270e+01
-9.476111111111111995e+02
-2.708333333333334281e+01
-3.103333333333333144e+02
-6.088000000000000682e+02
-2.914666666666665833e+02
-1.745833333333333428e+02
6.688888888888889596e+03
-9.972222222222224275e+01
-5.693888888888889142e+02
-4.280000000000000000e+02
-4.247500000000000000e+02
-6.150000000000000000e+02
-9.355555555555550029e+01
-4.370000000000000000e+02
-1.661333333333333542e+02
-1.361666666666666856e+02
-1.823888888888889142e+02
-7.581666666666667425e+02
5.208333333333333712e+02
-2.218666666666667027e+02
-1.813999999999999773e+02
-1.259333333333333087e+02
-9.448333333333334849e+02
-3.720666666666666629e+02
-2.420000000000000000e+02
-4.286000000000000227e+02
8.033333333333334281e+01
-9.890000000000000000e+02
6.746000000000000000e+03
-5.944166666666666288e+02
-1.765999999999999943e+02
-1.189166666666666572e+02
-4.290000000000000000e+02
1.371111111111111143e+02
-6.948333333333333712e+02
-6.068333333333333712e+02
1.013333333333334885e+01
-2.583333333333332860e+01
-2.000000000000000000e+01
-6.333333333333348136e+00
-9.091666666666664298e+01
-4.170833333333333712e+02
-4.936666666666666856e+02
-1.825999999999999943e+02
-5.441333333333333258e+02
-1.398333333333333428e+02
-7.713333333333333712e+02
-7.348888888888888005e+02
-2.886666666666666288e+02
-4.224666666666666970e+02
-5.300000000000000000e+02
-8.257333333333333485e+02
-4.936000000000000227e+02
-6.550000000000002842e+01
-6.694444444444444571e+02
-3.397500000000000000e+02
-3.146111111111110858e+02
-6.457500000000000000e+02
-6.518888888888888005e+02
2.633999999999999773e+02
-4.810833333333333712e+02
-3.516666666666668561e+01
-7.989166666666666288e+02
-4.767333333333332916e+02
-1.417777777777777999e+02
-2.917777777777777715e+02
-6.225333333333333030e+02
-6.551333333333334394e+02
-1.492500000000000000e+02
-7.226666666666666288e+02
-5.125000000000000000e+02
-4.948000000000000114e+02
-4.321666666666666288e+02
-5.738888888888891415e+01
-5.977777777777777146e+02
-9.317222222222222854e+02
-5.926666666666666288e+02
-4.791333333333333826e+02
-6.722222222222222854e+02
-2.392222222222222570e+02
-1.485000000000000000e+02
-1.238888888888888715e+02
-2.348000000000000398e+02
-1.195714285714286405e+02
-2.215999999999999943e+02
-6.816000000000000227e+02
-5.986666666666666288e+02
-5.523333333333332575e+02
-2.449444444444444855e+02
-6.296666666666666288e+02
-4.611111111111111427e+02
-2.810000000000000000e+02
-2.550000000000000000e+02
-7.660666666666666060e+02
-8.947333333333333485e+02
-1.331666666666666856e+02
-1.011111111111111200e+03
-1.066666666666665719e+01
-2.847500000000000000e+02
-7.975833333333333712e+02
-6.666666666666666288e+02
-2.242666666666667084e+02
-5.375333333333333030e+02
-5.230666666666666060e+02
-6.179333333333332803e+02
-5.753333333333333712e+02
-8.526666666666667425e+02
-4.716000000000000227e+02
-5.576666666666666288e+02
-6.469523809523808495e+02
3.538888888888887863e+01
-6.702777777777778283e+02
7.311111111111112848e+01
6.555555555555555713e+01
-6.279444444444444571e+02
-4.180000000000000000e+02
-2.284444444444444571e+02
-1.811904761904762040e+02
-9.400000000000002842e+01
-7.210000000000000000e+02
-8.056666666666667425e+02
-2.132222222222222001e+02
-3.330666666666666629e+02
-2.689333333333332803e+02
-6.960000000000000000e+02
-6.839333333333332803e+02
-4.881333333333333258e+02
-4.661111111111114269e+01
-5.845000000000001137e+02
-2.487777777777777430e+02
-7.486111111111111995e+02
-4.120555555555555998e+02
-5.191666666666666288e+02
-3.756666666666666856e+02
-5.355555555555557845e+01
-3.111333333333333258e+02
-5.867333333333333485e+02
-9.217999999999999545e+02
-7.210000000000000000e+02
-2.742666666666665947e+02
-6.555000000000000000e+02
-5.001333333333333826e+02
-2.361333333333333542e+02
-6.068333333333333712e+02
-8.746666666666666288e+02
-6.888888888888888005e+02
-6.162222222222221717e+02
-2.648888888888888573e+02
-7.573999999999999773e+02
-2.920555555555555429e+02
-4.949166666666666288e+02
-8.195833333333334849e+02
1.116666666666666430e+02
-8.184166666666666288e+02
-8.425000000000000000e+02
-1.474666666666667254e+02
-5.027500000000000000e+02
-2.967777777777778283e+02
-7.641666666666667425e+02
-1.587333333333332916e+02
-2.972500000000000568e+02
-5.612857142857143344e+02
-8.331333333333332121e+02
-4.681666666666666856e+02
-2.700000000000000000e+01
-3.256666666666666856e+02
-6.746666666666667425e+02
-8.210000000000000000e+02
-5.161111111111111995e+02
-4.955000000000000568e+02
-9.935333333333331893e+02
-6.043333333333332575e+02
-2.933333333333333712e+02
-6.088888888888889142e+02
5.055555555555542924e+00
-1.649333333333333371e+02
-3.718333333333333144e+02
-1.209999999999999716e+02
2.019333333333333371e+02
1.244444444444444429e+02
-5.257999999999999545e+02
-9.093333333333332291e+01
-7.050952380952381873e+02
-1.878333333333333428e+02
-3.593999999999999773e+02
-3.108333333333333712e+02
-7.324666666666666970e+02
5.616666666666665009e+01
-4.483333333333333144e+02
6.500000000000002842e+01
7.148000000000000000e+03
-6.795333333333334167e+02
3.166666666666667140e+01
-7.453333333333334565e+01
2.034444444444444287e+02
-4.718000000000000114e+02
-7.295833333333332575e+02
-4.643333333333333712e+02
-6.562000000000000455e+02
-1.444666666666666686e+02
-7.892500000000000000e+02
-8.983333333333332860e+01
-2.730833333333333144e+02
-7.275000000000000000e+02
-5.843333333333333712e+02
-7.830000000000000000e+02
1.583333333333334281e+01
-8.604666666666668107e+02
-7.268333333333333712e+02
-7.488666666666665606e+02
-9.607222222222222854e+02
-7.332666666666666515e+02
-4.709333333333333940e+02
-2.366666666666666572e+02
-3.548333333333333144e+02
-5.515333333333334167e+02
-5.841333333333334394e+02
-5.564166666666667425e+02
7.272222222222221433e+01
-5.065833333333333712e+02
-2.787777777777777715e+02
-5.111333333333333258e+02
-1.594444444444443754e+01
-4.946000000000000227e+02
-7.964166666666666288e+02
-8.603333333333332575e+02
-8.603333333333332575e+02
2.566666666666667496e+01
-7.247500000000000000e+02
-7.762500000000000000e+02
-7.611333333333334394e+02
-4.235000000000000000e+02
-8.803333333333332575e+02
-8.320666666666666060e+02
-8.040000000000000000e+02
-8.864666666666665833e+02
-8.436000000000000227e+02
-5.656000000000000227e+02
-7.855833333333332575e+02
-7.960000000000000000e+02
-4.665833333333333144e+02
-1.428000000000000114e+02
-4.958666666666666742e+02
-8.182000000000000455e+02
-9.636111111111111995e+02
-6.596666666666667425e+02
-7.039166666666666288e+02
-3.562500000000000000e+02
-8.823333333333333712e+02
-2.485555555555555429e+02
-1.484166666666666572e+02
-1.416666666666666856e+02
-2.953333333333333144e+02
-6.452500000000000000e+02
-6.227777777777778283e+02
-3.055555555555555429e+02
1.393333333333330337e+01
-4.488333333333333144e+02
-2.550000000000000000e+02
-9.037999999999999545e+02
-8.487333333333333485e+02
