4.529333333333332234e+02
1.952306666666666570e+04
-4.572740740740740875e+03
2.760150000000000364e+04
-5.329564102564103450e+03
-4.448099999999999454e+03
-3.921375000000000000e+03
2.698416666666666788e+04
-6.543738095238094502e+03
-5.071435897435896550e+03
-4.069458333333333940e+03
1.402016666666666606e+04
-3.672222222222222172e+03
-1.597333333333335759e+02
3.233363636363636488e+03
3.409388888888889051e+04
2.894030303030303912e+03
-6.296071428571428442e+03
-6.504880952380952294e+03
1.386822222222221899e+04
2.759816666666666424e+04
-5.375592592592593064e+03
-4.500871794871794918e+03
-6.603666666666666970e+03
1.136009523809523671e+04
5.288888888888889284e+01
1.895216666666666788e+04
-4.533777777777777374e+03
-6.387928571428571558e+03
-1.265466666666666697e+03
-6.120272727272727025e+03
-6.590380952380952294e+03
-1.535200000000000045e+03
9.173708333333335759e+03
-5.117518518518518249e+03
1.635700000000000364e+04
1.583587878787878617e+04
5.907740740740739966e+03
2.703183333333333576e+04
1.146114285714285506e+04
-6.489733333333333576e+03
-9.423999999999999773e+02
-6.379571428571428442e+03
-1.559416666666666742e+03
-7.018809523809524762e+03
1.902809523809522489e+03
-3.869200000000000728e+03
-6.023636363636363967e+03
-3.487777777777777374e+03
-3.377095238095237619e+03
-2.519833333333333030e+03
-4.988791666666666970e+03
1.363904761904761654e+04
1.710000000000000000e+02
-4.202833333333333030e+03
-3.124500000000000000e+03
-6.172958333333333940e+03
-6.385880952380953204e+03
-4.052291666666666970e+03
-6.199523809523809177e+03
-5.703933333333333394e+03
-4.089428571428572013e+03
-1.583666666666666742e+03
6.025533333333333758e+03
1.514144444444444707e+04
-2.724222222222221717e+03
-1.830866666666666788e+03
-5.700190476190476147e+03
2.594791666666666788e+04
1.923194444444444116e+03
7.806416666666666970e+03
-6.554404761904762381e+03
-4.056142857142857792e+03
-6.060142857142856883e+03
1.635793333333333430e+04
-1.921403508771929410e+03
2.248619047619049070e+03
-6.799595238095238528e+03
-3.110722222222222172e+03
2.261640000000000146e+04
1.487166666666666606e+04
1.121661904761904771e+04
-6.759547619047617445e+03
-3.200944444444443889e+03
2.696016666666666424e+04
9.445708333333332121e+03
-7.891333333333332121e+02
-5.026777777777777374e+03
-5.427047619047619264e+03
-5.822214285714285325e+03
2.930051282051283579e+03
1.047657142857142935e+04
-6.370976190476190823e+03
-5.748566666666666606e+03
-3.746111111111111313e+03
-4.935153846153845734e+03
1.259428571428571377e+04
-6.053023809523810087e+03
-6.039809523809524762e+03
4.507575757575756143e+03
-2.452250000000000000e+03
-7.644666666666666060e+03
2.533333333333333428e+02
1.717193333333333430e+04
6.388888888888889284e+01
-5.903363636363636942e+03
2.277133333333333576e+04
-6.502452380952380736e+03
-1.877749999999999773e+03
-5.643809523809523853e+03
6.039740740740741785e+03
-6.309690476190476147e+03
-8.002173913043479843e+03
1.134776190476190641e+04
5.388606060606060055e+03
-5.912523809523810087e+03
1.670833333333333428e+02
-2.167083333333334394e+03
1.169649999999999818e+04
3.720833333333333144e+02
2.606991666666666424e+04
-6.744190476190476147e+03
-6.320000000000000000e+03
-2.417666666666666970e+03
-6.574595238095239438e+03
-6.931190476190475238e+03
-6.738435897435896550e+03
-6.069030303030303912e+03
-3.258555555555555202e+03
-6.404476190476190823e+03
-4.801875000000000000e+03
-5.672833333333333940e+03
8.098458333333333030e+03
3.814641025641026317e+03
6.884433333333334303e+03
-2.407250000000000000e+03
-5.445666666666666970e+03
1.426138095238095048e+04
-7.309871794871795828e+03
-2.336916666666666515e+03
-5.670857142857143117e+03
-4.513564102564102541e+03
4.360027777777776464e+03
-6.822619047619046796e+03
2.695758333333333576e+04
2.348285714285715130e+03
2.260000000000000000e+02
-7.900257575757574159e+03
-6.559047619047619264e+03
3.421766666666666424e+04
-7.012487179487180583e+03
-1.636466666666666697e+03
-6.645976190476190823e+03
-6.242047619047619264e+03
-8.103376811594204810e+03
-4.938125000000000000e+03
-7.701939393939393085e+03
2.119888888888888232e+03
-5.847625000000000000e+03
-4.127481481481480841e+03
-3.946400000000000091e+03
-6.632071428571428442e+03
-7.084157894736843446e+03
2.625483333333333576e+04
2.153333333333333428e+02
-7.468641025641026317e+03
1.373478787878787443e+04
-6.796142857142855974e+03
-6.250969696969696088e+03
-5.863833333333333940e+03
-8.179101449275359300e+03
-2.812666666666666515e+03
-6.583629629629630472e+03
-1.178882352941177260e+03
3.355177777777778101e+04
-3.216055555555556111e+03
-6.556142857142857792e+03
2.856116666666666424e+04
1.259333333333333485e+03
-5.674199999999999818e+03
-6.424023809523809177e+03
-1.375722222222222399e+03
-5.757190476190476147e+03
-6.228952380952380736e+03
4.645037037037037408e+03
-7.678871794871795828e+03
2.658825000000000000e+04
-7.707538461538460069e+03
2.460444444444444798e+03
-4.671370370370370438e+03
-7.582666666666666970e+03
-6.075547619047619264e+03
3.293466666666666424e+04
-7.260063492063491140e+03
1.522222222222222001e+02
2.589111111111110858e+03
-5.663358974358974592e+03
1.182266666666666970e+04
-6.889095238095236709e+03
-3.788055555555556111e+03
6.318037037037038317e+03
-4.522300000000000182e+03
-6.393333333333320923e+01
-8.596428571428572468e+03
-8.040212121212121019e+03
2.412861111111111768e+03
3.466939393939393540e+03
-7.228461538461539931e+03
1.229692307692307622e+03
-8.108464646464645739e+03
-8.560724637681161767e+03
-6.639690476190474328e+03
1.750410256410256125e+03
-6.916309523809524762e+03
4.623444444444444343e+03
1.743933333333333576e+04
-3.061000000000000000e+03
1.569177777777777555e+04
3.385244444444444525e+04
7.527692307692296936e+02
-6.935714285714284415e+03
-7.484352941176469358e+03
7.306433333333334303e+03
-6.226238095238094502e+03
-5.569750000000000000e+03
3.459166666666666856e+02
-6.909666666666666060e+03
-6.825666666666666970e+03
-8.426101449275365667e+03
-6.642507936507934573e+03
-7.093615384615384755e+03
1.194444444444444571e+03
-9.128833333333330302e+03
-7.683564102564100722e+03
-6.736761904761903679e+03
2.038059999999999854e+04
-7.627363636363633304e+03
1.371577777777777919e+04
-7.544564102564102541e+03
-7.829028985507246944e+03
-7.702897435897436480e+03
-6.471142857142856883e+03
1.843320000000000437e+04
-5.780666666666666970e+03
1.016666666666666714e+02
-7.663757575757576888e+03
-3.235888888888888687e+03
1.408538888888888869e+04
-8.469303030303031846e+03
-7.037977777777779011e+03
-7.336256410256411073e+03
-8.710986666666667588e+03
-6.960833333333333940e+03
-5.821291666666666970e+03
-5.345222222222222626e+03
-9.083575757575757962e+03
-6.886333333333333940e+03
-5.311399999999999636e+03
1.023222222222222854e+03
-8.476536231884054359e+03
1.733583333333333576e+04
-4.308666666666666060e+03
-8.052929292929291478e+03
2.692158333333333212e+04
-6.441880952380952294e+03
3.350955555555555475e+04
1.475966666666666606e+04
-8.010041666666667879e+03
5.026799999999998363e+03
-5.671238095238096321e+03
-7.406230769230769511e+03
-6.367571428571428442e+03
-4.996461538461537202e+03
-7.662487179487180583e+03
-6.937923076923077133e+03
-6.683333333333333940e+03
2.291641666666666788e+04
4.265555555555542355e+02
-7.483743589743589837e+03
-8.249676767676766758e+03
-7.617435897435896550e+03
-9.188757575757572340e+03
1.595650000000000182e+04
2.876538461538461434e+03
1.688888888888888857e+02
-6.269761904761905498e+03
-7.803499999999999091e+03
-7.285333333333334849e+03
-7.126025641025640653e+03
-7.995844444444443980e+03
1.145523809523809359e+04
-8.455186666666668316e+03
-7.245031746031745570e+03
4.490138888888887777e+03
7.388888888888889994e+01
-7.334509803921569983e+03
-2.192818181818183348e+03
-8.363694444444445253e+03
-7.874483333333334485e+03
-6.983309523809523853e+03
-7.484384615384614335e+03
-7.425641025641024498e+03
1.412000000000000000e+03
-8.433157894736843446e+03
1.940153333333333285e+04
-7.591179487179486387e+03
-7.854318840579710923e+03
3.420566666666667152e+04
-6.369944444444444343e+03
2.687500000000000000e+02
-9.068843750000000000e+03
-7.088050000000001091e+03
-7.707333333333331211e+03
-7.716407407407408755e+03
8.626428571428571104e+02
-9.358312500000000000e+03
3.323466666666667152e+04
2.277016666666666788e+04
-5.603512820512819417e+03
-9.292229166666667879e+03
-8.112393939393939036e+03
-7.719461538461538112e+03
3.371909090909092356e+03
6.894499999999998181e+03
-7.326256410256410163e+03
-6.801595238095236709e+03
-5.486538461538462798e+03
-7.404461538461538112e+03
-1.005941176470588289e+03
-7.469000000000000000e+03
-8.374666666666667879e+03
-6.321071428571428442e+03
4.101933333333332484e+03
-6.827966666666665333e+03
-7.274969696969696997e+03
9.371000000000000000e+03
1.182266666666666970e+04
-4.974925925925926094e+03
-6.815333333333333030e+03
1.186666666666666714e+02
-7.862840579710144993e+03
-9.098787878787874433e+03
-7.504487179487178764e+03
-8.593333333333337578e+03
-6.252357142857143117e+03
-7.446789473684209042e+03
-7.768261904761905498e+03
-8.461550724637680105e+03
-5.381111111111111313e+03
-8.528041666666666060e+03
-6.221571428571428442e+03
-6.964952380952379826e+03
-6.302380952380953204e+03
-6.072023809523810087e+03
-7.611384615384615245e+03
-7.168636363636363967e+03
-6.622142857142856883e+03
4.011972222222221262e+03
-8.200232323232323324e+03
2.602025000000000000e+04
-7.790252873563218600e+03
1.110000000000000000e+02
-6.324785714285715585e+03
-7.606461538461538112e+03
1.613013333333333685e+04
-9.935740740740745878e+02
-6.577166666666666970e+03
-3.211000000000000455e+03
-7.195000000000000000e+03
-8.593318181818183803e+03
1.176888888888889142e+03
1.077777777777777857e+02
-9.283317460317459336e+03
-8.712767676767676676e+03
2.244175000000000364e+04
-9.126121212121213830e+03
-7.376820512820510885e+03
-1.774066666666666833e+03
-8.680057971014490249e+03
4.366666666666666430e+01
-3.760476190476187639e+03
6.328074074074073906e+03
-1.448222222222222626e+03
-8.310888888888888687e+03
-8.733868686868687291e+03
-7.736923076923078042e+03
-1.678466666666666470e+03
-7.486051282051281305e+03
-6.929466666666666242e+03
3.555788888888889051e+04
-7.405719298245615391e+03
1.007777777777777857e+02
-7.581538461538460069e+03
-7.221757575757576888e+03
-8.054030303030303003e+03
3.424266666666667152e+04
-7.103974358974358438e+03
-8.297333333333332121e+03
6.553083333333332121e+03
-8.917212121212118291e+03
-6.755266666666665515e+03
-8.499884057971014045e+03
3.344966666666666424e+04
-6.550309523809524762e+03
-7.152070175438597289e+03
-5.103212121212121019e+03
-6.671694444444445253e+03
-6.790958333333333030e+03
-6.102833333333333030e+03
-7.932828282828282681e+03
-7.735897435897436480e+03
-7.024187500000000909e+03
-6.050145833333333030e+03
-9.130727272727270247e+03
-8.391919191919190780e+03
-8.034449275362317167e+03
-9.549770833333333940e+03
-6.515285714285714675e+03
-9.582285714285711947e+03
1.580000000000000000e+02
-7.845190476190476147e+03
-8.349040404040404610e+03
-9.096761904761906408e+03
-7.141512820512819417e+03
1.320128205128204399e+03
-6.360128205128205082e+03
-7.603051282051281305e+03
-6.709133333333332303e+03
-8.596521739130434071e+03
-7.453871794871795828e+03
1.161111111111111001e+02
-8.167681159420291806e+03
2.126904761904765451e+02
1.660854545454545587e+04
-8.240811594202898050e+03
-6.822800000000000182e+03
-8.558572916666666060e+03
-7.583252525252526539e+03
2.664615384615362359e+02
-7.399256410256410163e+03
-9.554222222222199434e+02
3.421122222222222626e+04
-7.097222222222221717e+03
1.164083333333333258e+03
-8.923634615384613426e+03
-2.595579710144927958e+03
-8.342242424242424022e+03
-8.164606060606060964e+03
-7.650296296296296532e+03
-5.304666666666666970e+03
-9.797878048780487006e+03
-8.097868686868685472e+03
-4.654000000000000000e+03
-6.471452380952380736e+03
-6.948190476190476147e+03
-6.298119047619047706e+03
-8.989409090909090082e+03
-9.363218750000000000e+03
-9.138848484848484077e+03
-7.473948717948718695e+03
6.555555555555555713e+01
-7.513384615384617973e+03
-4.338833333333334849e+03
-7.541076923076923777e+03
6.138185185185184309e+03
-8.972104166666664241e+03
-6.898261904761905498e+03
-9.799991869918698285e+03
-2.427083333333333030e+03
3.418833333333333576e+04
-8.454666666666664241e+03
-8.829944444444443434e+03
-7.596948717948717785e+03
-9.141572916666666060e+03
2.273841666666666788e+04
-8.806515151515153775e+03
-9.298822916666667879e+03
-6.842047619047619264e+03
-8.250090909090909918e+03
-8.002949494949494692e+03
-6.061857142857143117e+03
-8.295115942028989593e+03
3.246472222222222626e+03
-8.459650793650795094e+03
-9.142515151515153775e+03
-8.496840579710142265e+03
-8.594484848484848044e+03
3.347311111111110949e+04
-7.597333333333333940e+03
-6.139023809523809177e+03
1.680000000000000000e+02
-7.337179487179488206e+03
-5.328444444444444343e+03
3.933212121212119655e+03
-9.163270833333333940e+03
-5.868145833333333940e+03
3.979166666665605590e+00
-6.239309523809524762e+03
-8.376304347826084268e+03
-7.641925925925925185e+03
-8.342027777777777374e+03
-8.790658730158729668e+03
-8.350722222222220807e+03
-7.349644444444445980e+03
-9.402218750000000000e+03
-7.767452380952381645e+03
-7.619282051282051725e+03
-7.583974358974359347e+03
-8.803238095238095411e+03
-8.127101010101009706e+03
-8.731969696969696088e+03
-8.496050505050505308e+03
-9.549111111111111313e+03
-7.613999999999999091e+03
-8.348194444444443434e+03
-8.383768115942026270e+03
1.131000000000000227e+03
-8.441173913043478024e+03
1.204666666666666742e+03
-9.218489583333333940e+03
-9.192121212121215649e+03
-7.618358974358972773e+03
-8.265888888888890506e+03
-8.001854166666666970e+03
-9.099712121212125567e+03
-8.192444444444445253e+03
-8.512202020202021231e+03
-9.322352941176470722e+02
-9.324007936507936392e+03
-8.690111111111111313e+03
8.818888888888875499e+02
-9.388813008130080561e+03
-6.712384615384615245e+03
-9.640688172043011946e+03
-9.903040650406504938e+03
-9.395510416666667879e+03
-9.011718750000000000e+03
-9.098984848484849863e+03
-8.776984848484851682e+03
-8.058376811594201172e+03
-9.081833333333330302e+03
-5.530047619047618355e+03
4.355555555555556424e+01
-3.882057971014495706e+03
-9.351793650793650158e+03
-9.081196969696969973e+03
-8.980196969696971792e+03
9.232499999999987494e+02
-6.638916666666667879e+03
-7.576358974358973683e+03
-7.508743589743588927e+03
1.578888888888888857e+02
-8.316028985507244215e+03
-8.908177083333333940e+03
9.322222222222222854e+01
-7.758333333333331211e+03
-8.265888888888890506e+03
-7.701216666666667152e+03
-8.245176470588236043e+03
-9.216291666666667879e+03
-1.913777777777777828e+03
-8.840742424242427660e+03
-9.016878787878787989e+03
-8.460985507246376073e+03
-8.095043478260871780e+03
-4.176869565217392847e+03
-1.918800000000000409e+03
-1.463562500000000000e+03
-8.152805555555555657e+03
-7.617128205128204172e+03
-8.943439393939393995e+03
-8.299388888888890506e+03
-8.461256410256410163e+03
-7.999826086956524705e+03
-9.186197916666667879e+03
-8.252391304347824189e+03
-6.879933333333332484e+03
-9.145458333333333940e+03
-7.645745098039215918e+03
2.256966666666666788e+04
1.374444444444444571e+02
1.641933333333333576e+04
-9.230250000000000000e+03
-6.908523809523810996e+03
-9.191635416666666060e+03
3.268466666666668516e+03
-9.325687500000000000e+03
-9.420352941176470267e+03
-8.542289855072463979e+03
-9.009427083333333940e+03
4.497333333333333940e+03
3.420600000000000728e+04
-9.544349206349206725e+03
-8.461565217391307669e+03
-9.696780487804877339e+03
2.296891666666666788e+04
-8.456623188405797919e+03
-8.831707070707070670e+03
-7.538358974358973683e+03
-9.260322916666667879e+03
2.577950000000000000e+04
3.424544444444444525e+04
-8.839070707070706703e+03
-9.415531250000000000e+03
5.810256410256597093e+01
-7.359666666666666060e+03
2.273941666666666788e+04
-9.376979166666667879e+03
-9.450150793650793275e+03
-9.186052083333333940e+03
-9.342812500000000000e+03
-8.218111111111109494e+03
4.891333333333334849e+03
1.617873333333333358e+04
-7.682051282051281305e+03
-7.644230769230770420e+03
-8.641597222222222626e+03
-8.423464646464648467e+03
-8.795750000000000000e+03
-8.357055555555556566e+03
-9.590222222222222626e+03
-7.692666666666666060e+03
-4.693500000000000000e+03
-9.155093750000000000e+03
2.321758333333333576e+04
-8.150764705882353155e+03
-8.492444444444445253e+03
1.350000000000000000e+02
-8.869650793650795094e+03
-8.643868686868687291e+03
-7.734535353535354261e+03
-7.001512820512821236e+03
1.321333333333333258e+03
-8.943984848484849863e+03
8.055555555555555429e+02
-9.128454545454542313e+03
-8.775525252525252654e+03
-8.488916666666666060e+03
-8.474818181818178346e+03
-8.224252525252524720e+03
-7.814262626262626327e+03
-9.075924242424245676e+03
-7.037564102564103450e+03
-9.066166666666667879e+03
3.392000000000000728e+04
-9.194489583333332121e+03
-7.585318840579710923e+03
-6.948743589743588927e+03
1.744444444444444571e+02
-7.538999999999999091e+03
-7.538820512820513613e+03
-8.982870967741935601e+03
-7.556743589743588927e+03
-3.042166666666666515e+03
-8.733072916666666060e+03
-7.512948717948717785e+03
3.421333333333333576e+04
-9.117250000000000000e+03
3.389222222222222626e+04
-8.557303030303030027e+03
-3.129500000000000000e+03
-7.527102564102563520e+03
-7.728637681159420936e+03
-8.237927536231884005e+03
-7.717949494949494692e+03
-8.254927536231882186e+03
-9.106333333333335759e+03
-9.276583333333332121e+03
-8.353333333333332121e+03
-9.139937500000000000e+03
2.711316666666666788e+04
-9.058348484848485896e+03
-8.293999999999998181e+03
-8.627768115942031727e+03
-7.766565217391305850e+03
-9.123087301587302136e+03
-5.951100000000000364e+03
-9.258531250000000000e+03
1.078888888888888999e+02
-8.328357142857144936e+03
-7.766476190476190823e+03
-2.490055555555553838e+03
-8.776242424242424022e+03
-9.606095238095240347e+03
3.328511111111111677e+04
8.621142857142858702e+03
8.027619047619061803e+02
-8.969342105263160192e+03
-1.957450980392156225e+03
1.108888888888888999e+02
-7.632076923076921958e+03
-8.797020833333333940e+03
-9.017079365079365743e+03
-9.148343750000000000e+03
3.414577777777777374e+04
9.568611111111118817e+02
-9.324309523809522943e+03
2.059230769230780425e+02
-8.130985507246374254e+03
-5.296740740740740875e+03
-8.583579710144927958e+03
-8.508376811594205719e+03
1.377777777777777999e+02
-7.701461538461539931e+03
2.308183333333333212e+04
-9.035409090909090082e+03
-4.756708333333333940e+03
-8.476376811594205719e+03
-8.298388888888890506e+03
-8.340527777777777374e+03
-8.154333333333333030e+03
-8.700826086956523795e+03
-8.657000000000000000e+03
-8.416826086956521976e+03
-9.140895833333333940e+03
-8.337666666666666060e+03
-5.878047619047619264e+03
-8.238753623188404163e+03
1.938461538461549765e+02
-8.910803030303026389e+03
-8.307722222222222626e+03
-8.995151515151517742e+03
-7.539487179487178764e+03
-8.458202898550725877e+03
1.286222222222222626e+03
-8.898076190476191186e+03
-7.572025641025641562e+03
-7.621256410256410163e+03
-9.605526881720428719e+03
-8.483717171717173187e+03
-7.498743589743588927e+03
-6.499976190476190823e+03
-9.189385416666666060e+03
-9.257593750000000000e+03
8.100000000000001421e+01
-5.340000000000000909e+03
-7.998507246376812873e+03
-9.420063492063492959e+03
1.478888888888888857e+02
-9.007287878787881709e+03
-7.688179487179486387e+03
-8.503318181818183803e+03
-8.959151515151512285e+03
-9.218843750000000000e+03
-9.004864583333333940e+03
-8.096188405797098312e+03
-8.521757575757575978e+03
1.214444444444444571e+02
-8.161855072463768920e+03
-8.696769230769230489e+03
3.388300000000000728e+04
3.308622222222222626e+04
3.374133333333332848e+04
-8.854020833333333940e+03
1.216216666666666606e+04
-8.873916666666666060e+03
-6.927357142857142208e+03
-8.332111111111111313e+03
2.540000000000000000e+02
-8.073595959595960267e+03
1.313555555555542753e+02
-9.204062500000000000e+03
-9.399420634920636076e+03
-8.459347826086954228e+03
-7.491897435897436480e+03
-8.287080808080809220e+03
-9.082742424242427660e+03
-9.074393939393936307e+03
-7.652538461538461888e+03
-7.573153846153845734e+03
-7.597153846153845734e+03
-7.585666666666665151e+03
-8.859848484848482258e+03
3.328511111111111677e+04
-9.032989583333333940e+03
1.219800000000000182e+04
1.350809523809524535e+03
-9.070196969696969973e+03
1.532222222222222001e+02
3.308622222222222626e+04
-7.384128205128204172e+03
-9.109666666666667879e+03
-8.717322916666667879e+03
-9.210093750000000000e+03
-8.630791666666667879e+03
-8.319555555555556566e+03
-8.620536231884061635e+03
-8.952817460317459336e+03
-9.186218750000000000e+03
3.296400000000000000e+04
-8.244739130434780236e+03
-9.353156250000000000e+03
7.121190476190489562e+02
3.233566666666667061e+03
-8.873651515151512285e+03
-7.600461538461538112e+03
2.306000000000000000e+04
-9.271563492063491140e+03
-7.962130434782608972e+03
-8.408772727272724296e+03
3.418555555555555475e+04
-4.656208333333333940e+03
-8.639787878787879890e+03
-8.893787878787879890e+03
1.208983333333333576e+04
-7.360410256410256807e+03
3.418555555555555475e+04
1.304444444444444571e+02
1.214383333333333394e+04
3.376999999999999272e+04
3.394933333333333576e+04
1.256666666666666714e+02
3.418555555555555475e+04
-8.249939393939393995e+03
-9.755419354838710206e+03
-8.940151515151517742e+03
3.409111111111110949e+04
-8.921104166666666060e+03
3.409111111111110949e+04
-8.927257575757572340e+03
3.417666666666667152e+04
-8.213695652173913913e+03
3.410222222222222626e+04
-8.125000000000000909e+03
3.414577777777777374e+04
-7.651256410256411073e+03
2.318733333333333576e+04
-8.125000000000000909e+03
-9.285427083333333940e+03
3.420566666666667152e+04
-8.868651515151512285e+03
-8.994393939393936307e+03
3.418555555555555475e+04
-7.009404761904762381e+03
3.406555555555555475e+04
-7.095794871794872961e+03
-7.486692307692307622e+03
3.414577777777777374e+04
3.410222222222222626e+04
-8.152805555555555657e+03
3.409111111111110949e+04
3.405444444444444525e+04
3.374133333333332848e+04
4.274358974358955834e+02
-9.179281250000000000e+03
4.189743589743571306e+02
-9.284095238095238528e+03
3.420566666666667152e+04
-8.867272727272724296e+03
3.411188888888889051e+04
3.376999999999999272e+04
-7.547692307692306713e+03
3.421333333333333576e+04
-7.675871794871793099e+03
3.409111111111110949e+04
-9.972052287581700512e+03
-9.093227272727270247e+03
-8.461956521739133677e+03
3.410222222222222626e+04
-8.400222222222222626e+03
3.409111111111110949e+04
1.211111111111111285e+02
-7.505025641025640653e+03
-7.956855072463766192e+03
3.421333333333333576e+04
2.587733333333333212e+04
-9.064712121212121929e+03
-7.410128205128204172e+03
3.410222222222222626e+04
-9.089227272727270247e+03
3.374133333333332848e+04
3.411188888888889051e+04
3.418555555555555475e+04
-9.324885416666666060e+03
3.388300000000000728e+04
-9.333760416666667879e+03
3.392000000000000728e+04
-8.184858585858585684e+03
-7.992144927536230171e+03
3.409111111111110949e+04
-9.033333333333335759e+03
-7.674358974358974592e+03
-8.212666666666667879e+03
3.417633333333333576e+04
3.410222222222222626e+04
3.417633333333333576e+04
3.406555555555555475e+04
-9.033333333333335759e+03
-8.649174603174604272e+03
3.418555555555555475e+04
3.421333333333333576e+04
-8.193565217391302212e+03
3.388300000000000728e+04
3.392000000000000728e+04
3.406522222222222626e+04
3.388300000000000728e+04
-9.285427083333333940e+03
-9.299571428571429351e+03
-9.301052083333332121e+03
-8.130909090909090992e+03
3.421333333333333576e+04
3.421333333333333576e+04
3.389222222222222626e+04
3.410222222222222626e+04
3.406522222222222626e+04
3.418555555555555475e+04
-9.242666666666667879e+03
3.414577777777777374e+04
3.421333333333333576e+04
3.421333333333333576e+04
3.410911111111110949e+04
3.388300000000000728e+04
3.409111111111110949e+04
2.635216666666666424e+04
7.111111111111111427e+01
2.586366666666666788e+04
3.409111111111110949e+04
3.406522222222222626e+04
-7.589743589743589837e+03
3.410222222222222626e+04
3.392000000000000728e+04
2.569583333333333212e+04
3.421333333333333576e+04
3.296400000000000000e+04
3.409111111111110949e+04
3.417633333333333576e+04
-7.668153846153845734e+03
3.296400000000000000e+04
3.421333333333333576e+04
-7.618179487179485477e+03
-8.624257575757577797e+03
3.389222222222222626e+04
3.410911111111110949e+04
3.824083333333333485e+03
3.388300000000000728e+04
3.530233333333333576e+04
3.421333333333333576e+04
3.392000000000000728e+04
-7.440538461538461888e+03
3.421333333333333576e+04
3.410911111111110949e+04
3.421333333333333576e+04
-7.429743589743589837e+03
1.857533333333333576e+04
-8.097444444444445253e+03
-4.953583333333333940e+03
3.417666666666667152e+04
-7.541487179487178764e+03
-8.109913043478260988e+03
2.588866666666666788e+04
3.414577777777777374e+04
-9.099730158730157200e+03
1.110000000000000000e+02
3.421333333333333576e+04
3.418555555555555475e+04
-8.997727272727270247e+03
3.421333333333333576e+04
-8.588202898550722239e+03
3.417666666666667152e+04
3.410222222222222626e+04
-8.957190476190477057e+03
3.338733333333333576e+04
-9.083166666666669698e+03
-8.958619047619049525e+03
3.421333333333333576e+04
3.392000000000000728e+04
3.414577777777777374e+04
3.529400000000000000e+04
-2.203490196078430017e+03
3.406555555555555475e+04
3.405444444444444525e+04
3.421333333333333576e+04
-6.897000000000000000e+03
3.388300000000000728e+04
3.405444444444444525e+04
-8.823635416666667879e+03
-7.547692307692306713e+03
-8.512770833333333940e+03
3.421333333333333576e+04
1.951111111111111143e+02
3.376999999999999272e+04
3.417666666666667152e+04
2.291225000000000364e+04
3.328511111111111677e+04
3.392000000000000728e+04
-8.193565217391302212e+03
3.374133333333332848e+04
-8.545159420289855916e+03
1.522222222222222001e+02
-9.257593750000000000e+03
-6.313976190476189913e+03
-7.567692307692306713e+03
3.376999999999999272e+04
1.522222222222222001e+02
3.414577777777777374e+04
1.532222222222222001e+02
3.409111111111110949e+04
-8.883803030303031846e+03
3.410222222222222626e+04
-7.432076923076922867e+03
3.411188888888889051e+04
-7.675923076923076223e+03
3.406555555555555475e+04
-7.565897435897436480e+03
3.374133333333332848e+04
2.218333333333333712e+02
3.421333333333333576e+04
3.296400000000000000e+04
3.406555555555555475e+04
3.418555555555555475e+04
3.410222222222222626e+04
-7.589743589743589837e+03
3.410222222222222626e+04
-8.211449275362321714e+03
3.410222222222222626e+04
3.417666666666667152e+04
-9.199253968253968196e+03
6.635000000000020464e+02
3.405444444444444525e+04
3.410222222222222626e+04
3.421333333333333576e+04
-8.809333333333333940e+03
-7.432076923076922867e+03
-8.287888888888888687e+03
3.421333333333333576e+04
3.421333333333333576e+04
3.392000000000000728e+04
-7.543743589743588927e+03
3.421333333333333576e+04
3.924166666666666288e+02
-7.305794871794872961e+03
-7.895550724637682833e+03
3.388300000000000728e+04
-7.294076923076923777e+03
-7.617666666666666060e+03
3.392000000000000728e+04
3.409111111111110949e+04
3.417633333333333576e+04
3.405444444444444525e+04
3.410222222222222626e+04
3.421333333333333576e+04
-8.522787878787881709e+03
3.409111111111110949e+04
-8.111478260869562291e+03
-9.008757575757575978e+03
3.410222222222222626e+04
3.409111111111110949e+04
3.409111111111110949e+04
3.409111111111110949e+04
-8.813857142857143117e+03
-6.444380952380952294e+03
-9.233010416666667879e+03
-7.895144927536231990e+03
3.410222222222222626e+04
-7.646153846153847553e+03
3.418555555555555475e+04
-8.300083333333333940e+03
-7.006410256410256807e+03
3.376999999999999272e+04
-7.487717948717949184e+03
-8.331888888888890506e+03
3.406522222222222626e+04
3.388300000000000728e+04
-1.097529411764705856e+03
-8.591499999999998181e+03
3.409111111111110949e+04
-8.544434782608697788e+03
3.417666666666667152e+04
-6.795476190476189913e+03
-7.514512820512819417e+03
-9.486177083333333940e+03
3.388300000000000728e+04
3.418555555555555475e+04
-5.871690476190476147e+03
-9.040614583333333940e+03
-8.187681159420287258e+03
2.427500000000000000e+02
3.414577777777777374e+04
3.421333333333333576e+04
-8.866104166666666060e+03
2.260833333333333428e+02
3.406555555555555475e+04
3.421333333333333576e+04
3.406555555555555475e+04
3.421333333333333576e+04
-8.354972222222224445e+03
3.417822222222222626e+04
-8.302869565217391937e+03
3.376999999999999272e+04
3.388300000000000728e+04
2.587616666666666424e+04
8.886285714285715585e+03
3.376999999999999272e+04
2.746416666666666788e+04
2.778058333333333212e+04
3.421333333333333576e+04
3.414577777777777374e+04
3.410222222222222626e+04
-7.438256410256411073e+03
3.421333333333333576e+04
1.183333333333333286e+02
6.555555555555555713e+01
-8.821303030303026389e+03
2.671425000000000000e+04
1.471111111111111143e+02
-7.381871794871795828e+03
-7.474666666666666060e+03
2.594250000000000000e+04
3.420600000000000728e+04
7.877777777777778567e+01
-8.215434343434342736e+03
-8.802145833333332121e+03
3.405444444444444525e+04
-7.589743589743589837e+03
-7.160076923076922867e+03
3.376999999999999272e+04
1.375555555555555429e+02
3.418555555555555475e+04
5.881407407407407845e+03
1.785555555555555713e+02
3.376999999999999272e+04
3.421333333333333576e+04
8.955124999999998181e+03
3.421333333333333576e+04
-8.036942028985507932e+03
-7.476948717948717785e+03
-7.576307692307692378e+03
3.421333333333333576e+04
-8.854500000000000000e+03
2.095111111111111768e+03
-7.981507246376813782e+03
-9.291119047619047706e+03
-8.245388888888888687e+03
-7.655256410256411073e+03
3.308622222222222626e+04
-9.127125000000000000e+03
-9.461515873015874604e+03
3.388300000000000728e+04
-7.084076923076922867e+03
3.417666666666667152e+04
-7.541820512820511794e+03
-8.540739130434785693e+03
-9.367904761904761472e+03
2.316691666666666788e+04
-9.018454545454545951e+03
3.421333333333333576e+04
3.410222222222222626e+04
-8.541304347826086087e+03
6.254444444444445253e+03
-8.731624999999998181e+03
3.376999999999999272e+04
1.608888888888888857e+02
-7.596057971014492978e+03
1.146076923076923094e+03
1.877777777777777999e+02
3.410222222222222626e+04
3.409111111111110949e+04
-7.092100000000000364e+03
1.214961111111110949e+04
3.409111111111110949e+04
-9.114363636363636033e+03
-4.465333333333333030e+03
-8.152805555555555657e+03
-7.454188405797101041e+03
2.564400000000000000e+04
-7.527974358974358438e+03
2.443589743589747343e+02
3.418555555555555475e+04
-7.067794871794872961e+03
-7.330589743589743193e+03
-7.899434782608694150e+03
-9.131156250000000000e+03
2.555825000000000000e+04
1.507777777777777999e+02
-7.571538461538460069e+03
-7.476666666666666060e+03
7.936583333333333030e+03
3.392000000000000728e+04
3.308622222222222626e+04
3.376999999999999272e+04
2.598350000000000000e+04
3.410222222222222626e+04
1.276666666666666714e+02
3.411188888888889051e+04
3.933333333333329733e+02
3.388300000000000728e+04
2.697500000000000000e+02
6.555555555555555713e+01
-8.908687500000000000e+03
3.376999999999999272e+04
-8.514724637681156310e+03
3.418555555555555475e+04
3.089166666666666288e+02
-9.390927083333333940e+03
2.598350000000000000e+04
3.406522222222222626e+04
-6.323904761904762381e+03
3.418555555555555475e+04
3.410222222222222626e+04
3.417666666666667152e+04
-1.112568627450980784e+03
3.409111111111110949e+04
-7.600102564102563520e+03
-7.639948717948718695e+03
8.277777777777778567e+01
3.418555555555555475e+04
-8.980060606060602368e+03
3.406555555555555475e+04
-8.316391304347824189e+03
3.406555555555555475e+04
-7.492256410256410163e+03
3.418555555555555475e+04
-8.143971014492756694e+03
3.406555555555555475e+04
-7.677384615384614335e+03
-6.821166666666666060e+03
-7.526179487179488206e+03
3.410222222222222626e+04
-8.169202898550723148e+03
-8.494526315789475120e+03
-8.666724637681163586e+03
-8.058090909090909008e+03
-7.564538461538461888e+03
2.665600000000000000e+04
-8.130797101449278671e+03
2.597908333333333212e+04
2.554366666666666424e+04
3.392000000000000728e+04
-7.564538461538461888e+03
-7.162641025641026317e+03
-8.985424242424242038e+03
3.252900000000000091e+03
2.839166666666666856e+02
3.417633333333333576e+04
3.447500000000000000e+02
3.392000000000000728e+04
-8.152805555555555657e+03
-7.455384615384614335e+03
-6.673619047619046796e+03
-8.570043478260869961e+03
-7.567794871794870232e+03
3.421333333333333576e+04
-5.963238095238096321e+03
3.388300000000000728e+04
-8.888803030303031846e+03
3.418555555555555475e+04
2.634491666666666788e+04
3.376999999999999272e+04
-8.406840579710147722e+03
2.582499999999999636e+04
3.410222222222222626e+04
3.392000000000000728e+04
9.766666666666667140e+01
-7.508681818181819835e+03
-2.895555555555620231e+01
9.211111111111112848e+01
-8.441982456140349314e+03
-8.281838383838385198e+03
8.717619047619061803e+02
3.411188888888889051e+04
-9.391447916666667879e+03
-8.078449275362321714e+03
3.409111111111110949e+04
-8.556086956521739921e+03
-8.329656565656565363e+03
3.388300000000000728e+04
2.689491666666666424e+04
-9.269888888888890506e+03
-8.551625000000000000e+03
-8.556086956521739921e+03
1.640000000000000000e+02
3.409111111111110949e+04
-6.323928571428571558e+03
8.411111111111110006e+01
2.690041666666666788e+04
3.418555555555555475e+04
2.959833333333333485e+03
3.406522222222222626e+04
-8.903272727272724296e+03
4.290966666666667152e+03
3.392000000000000728e+04
3.421333333333333576e+04
3.410222222222222626e+04
3.421333333333333576e+04
-6.028095238095237619e+03
3.417666666666667152e+04
-8.138927536231886734e+03
3.418555555555555475e+04
-8.997727272727270247e+03
1.075555555555555571e+02
-7.449051282051281305e+03
-8.506115942028985955e+03
-9.033196969696973611e+03
3.392000000000000728e+04
-8.514724637681159948e+03
3.376999999999999272e+04
3.418555555555555475e+04
3.417666666666667152e+04
-8.689650793650791456e+03
-9.001515151515151956e+03
3.409111111111110949e+04
-8.545927536231884005e+03
3.417666666666667152e+04
3.389222222222222626e+04
-8.176014492753625746e+03
-8.498782608695652016e+03
2.725916666666666970e+03
2.543991666666666788e+04
-3.845318181818179255e+03
3.388300000000000728e+04
3.308622222222222626e+04
3.410222222222222626e+04
-8.201072463768115995e+03
3.411188888888889051e+04
6.800000000000000000e+01
3.410222222222222626e+04
1.640000000000000000e+02
3.409111111111110949e+04
3.424266666666667152e+04
-8.595811594202899869e+03
-7.355923076923077133e+03
3.417633333333333576e+04
3.405444444444444525e+04
3.410222222222222626e+04
-7.030615384615384755e+03
-9.069787878787879890e+03
2.581125000000000000e+04
3.417666666666667152e+04
-6.412619047619046796e+03
9.211111111111112848e+01
3.413155555555555475e+04
3.392000000000000728e+04
6.800000000000000000e+01
3.388300000000000728e+04
-8.802560606060602368e+03
3.418555555555555475e+04
-7.636717948717949184e+03
3.405444444444444525e+04
1.276666666666666714e+02
3.421333333333333576e+04
-7.544179487179485477e+03
-7.617179487179488206e+03
2.746416666666666788e+04
3.411188888888889051e+04
3.424266666666667152e+04
3.410222222222222626e+04
-6.304547619047620174e+03
-8.124927536231882186e+03
-7.028205128205128858e+03
-8.210478260869562291e+03
-7.153461538461538112e+03
3.418555555555555475e+04
-9.008757575757575978e+03
-8.331028985507244215e+03
3.424266666666667152e+04
3.421333333333333576e+04
3.417666666666667152e+04
3.392000000000000728e+04
1.744444444444444571e+02
8.411111111111110006e+01
-7.507025641025640653e+03
1.705000000000000000e+02
-7.608153846153845734e+03
3.389222222222222626e+04
-8.053753623188407801e+03
3.406555555555555475e+04
3.413155555555555475e+04
-6.810976190476190823e+03
-7.646410256410256807e+03
3.418555555555555475e+04
2.709924999999999636e+04
3.418555555555555475e+04
-7.567884057971014954e+03
-7.944869565217390118e+03
6.928095238095245350e+02
3.392000000000000728e+04
-5.761190476190475238e+03
-7.682051282051281305e+03
-6.665492753623188946e+03
-8.432463768115942003e+03
2.592249999999999636e+04
3.417666666666667152e+04
3.409111111111110949e+04
3.376999999999999272e+04
1.643333333333333428e+02
-9.284479166666667879e+03
-7.849115942028985955e+03
-7.468205128205128858e+03
-7.646410256410256807e+03
3.418555555555555475e+04
1.276666666666666714e+02
3.418555555555555475e+04
3.413155555555555475e+04
3.406522222222222626e+04
-6.579583333333333030e+03
-8.167707070707071580e+03
-6.389285714285714675e+03
-8.128782608695649287e+03
2.634491666666666788e+04
3.421333333333333576e+04
-8.688289855072465798e+03
3.376999999999999272e+04
-7.524128205128205082e+03
-9.067593750000000000e+03
2.634491666666666788e+04
-8.667492753623191675e+03
-9.234489583333333940e+03
2.634491666666666788e+04
1.381071428571428669e+03
3.405444444444444525e+04
-9.484039682539683781e+03
-7.523615384615383846e+03
3.418555555555555475e+04
3.418555555555555475e+04
2.709924999999999636e+04
3.410222222222222626e+04
-8.327194444444443434e+03
-7.107282051282051725e+03
3.308622222222222626e+04
-2.238588235294117567e+03
3.418555555555555475e+04
3.417666666666667152e+04
3.424266666666667152e+04
-7.075538461538461888e+03
-3.562523809523810996e+03
-8.658218750000000000e+03
2.623333333333333144e+02
3.409111111111110949e+04
3.424266666666667152e+04
-9.131651515151512285e+03
3.417666666666667152e+04
3.409111111111110949e+04
2.623333333333333144e+02
-7.682051282051281305e+03
5.569300000000000182e+03
3.405444444444444525e+04
-7.820739130434783874e+03
-6.584904761904762381e+03
-7.598246376811592199e+03
-9.071803030303033665e+03
3.392000000000000728e+04
2.768616666666666788e+04
3.394933333333333576e+04
-9.076045454545457687e+03
-8.868651515151512285e+03
-7.468743589743588927e+03
3.409111111111110949e+04
2.678583333333333212e+04
-7.605487179487180583e+03
3.409111111111110949e+04
3.409111111111110949e+04
3.406522222222222626e+04
-7.466410256410255897e+03
-8.497260869565217945e+03
3.089166666666666288e+02
3.388300000000000728e+04
3.350955555555555475e+04
3.389222222222222626e+04
-5.375357142857143117e+03
8.377777777777778567e+01
-8.342971014492750328e+03
3.418555555555555475e+04
1.155555555555555571e+02
-3.165315789473685527e+03
3.089166666666666288e+02
-8.114838383838384289e+03
3.410222222222222626e+04
2.571166666666666788e+04
2.746391666666666788e+04
3.421333333333333576e+04
2.312591666666666788e+04
-8.887424242424242038e+03
2.623333333333333144e+02
3.418555555555555475e+04
2.592249999999999636e+04
3.417666666666667152e+04
-8.595942028985509751e+03
2.766816666666666788e+04
3.394933333333333576e+04
3.417633333333333576e+04
-7.592051282051281305e+03
2.581750000000000000e+04
-6.888470588235293690e+03
3.410222222222222626e+04
-7.344743589743589837e+03
-6.418595238095237619e+03
-7.104589743589744103e+03
3.392000000000000728e+04
-7.523615384615383846e+03
3.392000000000000728e+04
3.421333333333333576e+04
-8.114838383838384289e+03
-4.888740740740740875e+03
2.591624999999999636e+04
2.763841666666666788e+04
-8.205318840579708194e+03
3.410222222222222626e+04
-7.518509803921568164e+03
3.410222222222222626e+04
1.186666666666666572e+02
3.417666666666667152e+04
-7.576507246376810144e+03
-8.565942028985507932e+03
-8.962893939393939945e+03
2.582499999999999636e+04
3.421333333333333576e+04
3.409111111111110949e+04
3.410222222222222626e+04
3.421333333333333576e+04
-8.124623188405795190e+03
3.409111111111110949e+04
3.410222222222222626e+04
2.549150000000000364e+04
3.392000000000000728e+04
3.409111111111110949e+04
2.591624999999999636e+04
3.409111111111110949e+04
-7.628666666666667879e+03
3.389222222222222626e+04
3.417666666666667152e+04
2.786508333333333212e+04
-8.416753623188402344e+03
-6.791023809523810087e+03
-8.497260869565217945e+03
3.410222222222222626e+04
3.388300000000000728e+04
7.295555555555523597e+01
-7.504615384615383846e+03
3.544399999999999272e+04
-7.575717948717949184e+03
3.417666666666667152e+04
-8.640173913043481662e+03
-6.281071428571428442e+03
4.048416666666666515e+03
2.593483333333333212e+04
1.211153846153846189e+03
2.592249999999999636e+04
-6.926047619047618355e+03
6.555555555555555713e+01
8.158333333333332860e+01
3.418555555555555475e+04
3.417633333333333576e+04
-7.659923076923076223e+03
-8.809854166666667879e+03
2.635166666666667879e+03
3.392000000000000728e+04
-9.063803030303031846e+03
3.421333333333333576e+04
-7.682512820512819417e+03
-8.715507936507938211e+03
-8.556086956521739921e+03
-8.488636363636363967e+03
3.417666666666667152e+04
-6.886976190476189913e+03
-8.535927536231884005e+03
2.569116666666666788e+04
-7.505615384615383846e+03
-7.523615384615383846e+03
7.464047619047622675e+02
-8.193507246376808325e+03
-6.812384615384615245e+03
8.277777777777778567e+01
-8.834104166666667879e+03
3.392000000000000728e+04
-8.191028985507243306e+03
-6.400333333333333940e+03
3.392000000000000728e+04
-6.782476190476189913e+03
3.414577777777777374e+04
-6.769119047619046796e+03
-7.888260869565219764e+03
-6.771238095238094502e+03
3.417633333333333576e+04
-8.563652173913045772e+03
3.409111111111110949e+04
2.564400000000000000e+04
3.388300000000000728e+04
3.312212121212120564e+03
3.376999999999999272e+04
-6.350047619047619264e+03
-7.700846153846155175e+03
-6.493023809523808268e+03
-8.166956521739128220e+03
3.418555555555555475e+04
3.417666666666667152e+04
2.766816666666666788e+04
1.110000000000000000e+02
2.574783333333333212e+04
2.587941666666666424e+04
-7.564538461538461888e+03
2.780258333333333212e+04
-5.986547619047619264e+03
-8.490014492753623927e+03
-8.676416666666667879e+03
3.410911111111110949e+04
3.421333333333333576e+04
-7.030538461538461888e+03
-7.987565217391304031e+03
2.763841666666666788e+04
1.409499999999999818e+04
3.374133333333332848e+04
-8.455101449275358391e+03
-8.815062500000000000e+03
-7.028205128205128858e+03
-8.904090909090909918e+03
-7.499025641025640653e+03
-9.093083333333333940e+03
-7.575794871794872961e+03
3.417544444444444525e+04
-9.083166666666669698e+03
-8.899090909090909918e+03
-8.374343434343434637e+03
-8.307550724637678286e+03
2.594666666666666424e+04
3.376999999999999272e+04
-5.516380952380953204e+03
-8.273999999999998181e+03
-1.741596491228069226e+03
3.410911111111110949e+04
-7.462923076923076223e+03
-7.824606060606060964e+03
2.745566666666666788e+04
3.410222222222222626e+04
2.762616666666666788e+04
1.374444444444444571e+02
-8.343757575757575978e+03
-7.671256410256408344e+03
3.392000000000000728e+04
-7.591820512820513613e+03
1.228166666666666742e+03
3.417666666666667152e+04
2.515133333333333212e+04
6.685952380952387557e+02
-7.675923076923076223e+03
-7.153948717948717785e+03
2.763900000000000000e+04
3.417822222222222626e+04
2.564400000000000000e+04
3.421333333333333576e+04
2.585533333333333212e+04
1.850000000000000000e+02
3.418555555555555475e+04
3.417666666666667152e+04
1.075555555555555571e+02
1.744444444444444571e+02
2.594341666666666788e+04
-7.512538461538462798e+03
-7.494051282051282215e+03
3.417788888888889051e+04
1.236666666666666714e+02
-8.343565217391307669e+03
-6.454619047619047706e+03
3.410911111111110949e+04
-6.729714285714285325e+03
1.951111111111111143e+02
2.569116666666666788e+04
3.410222222222222626e+04
3.421333333333333576e+04
3.392000000000000728e+04
2.594666666666666424e+04
3.413155555555555475e+04
-7.905579710144925230e+03
3.410222222222222626e+04
-6.185047619047618355e+03
3.418555555555555475e+04
2.596150000000000000e+04
-2.331416666666666970e+03
-7.118861111111109494e+03
3.410222222222222626e+04
-8.682536231884057997e+03
3.394933333333333576e+04
-7.609358974358974592e+03
3.420566666666667152e+04
2.594250000000000000e+04
1.368888888888888857e+02
3.417666666666667152e+04
3.410222222222222626e+04
-5.585404761904761472e+03
-7.839323232323233242e+03
3.418555555555555475e+04
3.417822222222222626e+04
3.410222222222222626e+04
3.417666666666667152e+04
-7.856956521739128220e+03
-7.136846153846154266e+03
-7.564538461538461888e+03
-7.986855072463769829e+03
9.800000000000000000e+01
3.421333333333333576e+04
2.762616666666666788e+04
3.409111111111110949e+04
3.410222222222222626e+04
-8.606434782608695969e+03
-8.115246376811594928e+03
-8.378191919191918714e+03
3.410222222222222626e+04
1.358888888888888857e+02
2.846866666666666424e+04
-8.415878787878787989e+03
3.417666666666667152e+04
-7.964159420289855916e+03
-7.492763888888887777e+03
3.385244444444444525e+04
3.418555555555555475e+04
-7.340435897435896550e+03
-8.191343434343433728e+03
2.582558333333333212e+04
-7.571956521739130039e+03
-9.453777777777777374e+03
3.410222222222222626e+04
3.392000000000000728e+04
-6.276833333333333940e+03
3.421333333333333576e+04
2.580891666666666788e+04
3.405444444444444525e+04
2.763900000000000000e+04
3.410222222222222626e+04
3.026666666666666288e+02
3.409111111111110949e+04
-7.563615384615384755e+03
3.389222222222222626e+04
3.406555555555555475e+04
3.417666666666667152e+04
2.019743589743604559e+02
-8.281768115942029908e+03
-6.244309523809523853e+03
-6.162142857142856883e+03
3.421333333333333576e+04
3.410222222222222626e+04
1.617500000000000000e+02
3.417666666666667152e+04
2.593483333333333212e+04
3.409111111111110949e+04
-7.862140350877190940e+03
1.850000000000000000e+02
3.409111111111110949e+04
3.376999999999999272e+04
3.421333333333333576e+04
-7.107589743589743193e+03
-7.040948717948718695e+03
1.374444444444444571e+02
-4.650583333333333940e+03
3.394933333333333576e+04
2.754258333333333576e+04
2.689491666666666424e+04
-6.925404761904761472e+03
3.417666666666667152e+04
2.714675000000000000e+04
-9.222979166666667879e+03
-8.170527777777776464e+03
3.409111111111110949e+04
-8.212826086956521976e+03
3.389222222222222626e+04
-7.819623188405795190e+03
3.410911111111110949e+04
-7.560615384615383846e+03
3.413155555555555475e+04
2.594341666666666788e+04
3.392000000000000728e+04
1.415555555555555713e+02
3.394933333333333576e+04
2.569583333333333212e+04
-7.616769230769230489e+03
-8.425136363636365786e+03
3.409111111111110949e+04
1.152222222222222285e+02
3.410222222222222626e+04
-8.106449275362315348e+03
2.587941666666666424e+04
-7.889463768115942912e+03
3.413155555555555475e+04
2.239166666666666856e+02
-8.477449275362319895e+03
-7.514512820512819417e+03
3.376999999999999272e+04
2.574316666666666788e+04
3.421333333333333576e+04
1.152222222222222285e+02
3.394933333333333576e+04
3.410222222222222626e+04
3.409111111111110949e+04
3.343922222222222626e+04
1.850000000000000000e+02
1.617500000000000000e+02
3.389222222222222626e+04
1.266666666666666714e+02
3.421333333333333576e+04
3.421333333333333576e+04
2.571525000000000000e+04
-6.221666666666666970e+03
7.376666666666667425e+02
-8.759530303030305731e+03
3.392000000000000728e+04
-7.540942028985505203e+03
3.394933333333333576e+04
-7.827260869565215216e+03
1.330000000000000000e+02
-6.928428571428570649e+03
3.405444444444444525e+04
3.417666666666667152e+04
3.409111111111110949e+04
1.755833333333333428e+02
3.421333333333333576e+04
2.744616666666666788e+04
3.389222222222222626e+04
-8.044739130434780236e+03
3.413155555555555475e+04
3.559033333333332848e+03
3.385244444444444525e+04
-7.886366666666666788e+03
3.405444444444444525e+04
2.585533333333333212e+04
3.374133333333332848e+04
2.581874999999999636e+04
3.409111111111110949e+04
2.581874999999999636e+04
3.413155555555555475e+04
9.111111111111112848e+01
3.409111111111110949e+04
2.569116666666666788e+04
-7.414564102564102541e+03
3.392000000000000728e+04
3.389222222222222626e+04
1.570833333333333144e+02
-7.417358974358973683e+03
-9.390896825396825079e+03
3.409111111111110949e+04
2.768616666666666788e+04
-7.592051282051281305e+03
-7.466410256410255897e+03
1.165555555555555571e+02
-6.966897435897436480e+03
3.392000000000000728e+04
-5.135619047619047706e+03
3.410222222222222626e+04
2.849091666666666424e+04
-2.825777777777777374e+03
1.712500000000000000e+02
3.421333333333333576e+04
2.714675000000000000e+04
3.421333333333333576e+04
2.746416666666666788e+04
3.409111111111110949e+04
2.846866666666666424e+04
-6.920512820512819417e+03
3.418555555555555475e+04
2.569558333333333212e+04
3.410222222222222626e+04
3.392000000000000728e+04
-9.133635416666667879e+03
3.389222222222222626e+04
2.580891666666666788e+04
-6.260238095238094502e+03
3.421333333333333576e+04
3.389222222222222626e+04
2.745566666666666788e+04
1.850000000000000000e+02
2.569116666666666788e+04
-8.893604166666666060e+03
2.294783333333333576e+04
-6.112523809523810087e+03
-8.671956521739133677e+03
-7.506948717948717785e+03
2.581750000000000000e+04
3.409111111111110949e+04
3.418555555555555475e+04
-8.191028985507243306e+03
-6.896095238095238528e+03
3.417666666666667152e+04
2.675108333333333212e+04
3.374133333333332848e+04
1.231462500000000000e+04
3.421333333333333576e+04
-7.039923076923077133e+03
-8.570289855072463979e+03
-7.385282051282050816e+03
3.374133333333332848e+04
3.406555555555555475e+04
-7.572307692307691468e+03
-6.929023809523809177e+03
-6.270357142857143117e+03
3.421333333333333576e+04
3.417822222222222626e+04
8.575000000000000000e+01
3.421333333333333576e+04
-7.405794871794872961e+03
3.417666666666667152e+04
2.582499999999999636e+04
3.414577777777777374e+04
-9.069939393939393995e+03
3.414577777777777374e+04
3.392000000000000728e+04
2.581125000000000000e+04
3.421333333333333576e+04
3.385244444444444525e+04
3.421333333333333576e+04
1.640000000000000000e+02
9.083333333333334281e+01
-6.447333333333333030e+03
-9.108469696969697907e+03
3.421333333333333576e+04
-8.871447916666667879e+03
-7.592051282051281305e+03
-6.355595238095237619e+03
-7.094948717948718695e+03
-6.926309523809523853e+03
3.417822222222222626e+04
3.121666666666666856e+02
3.392000000000000728e+04
3.406555555555555475e+04
1.766666666666666572e+02
-7.685641025641024498e+03
-7.324846153846154266e+03
2.594250000000000000e+04
-7.234333333333333940e+03
-7.537692307692308532e+03
3.413155555555555475e+04
3.421333333333333576e+04
-9.112093750000000000e+03
-8.087826086956519248e+03
3.405444444444444525e+04
-7.790217391304347984e+03
3.394933333333333576e+04
-7.541948717948718695e+03
1.646213333333333503e+04
2.598666666666666788e+04
3.420566666666667152e+04
1.545000000000000000e+02
-6.278214285714285325e+03
2.766816666666666788e+04
2.588149999999999636e+04
2.591624999999999636e+04
2.588149999999999636e+04
-7.122205128205128858e+03
3.394933333333333576e+04
3.418555555555555475e+04
1.608888888888888857e+02
3.406555555555555475e+04
-8.285275362318841871e+03
3.392000000000000728e+04
3.420566666666667152e+04
1.039133333333333439e+03
2.029373333333333358e+04
2.559333333333333212e+04
-6.282404761904761472e+03
-9.033500000000000000e+03
3.418555555555555475e+04
2.582583333333333212e+04
-7.330589743589743193e+03
-8.381811594202901688e+03
1.756666666666666572e+02
-7.504307692307693287e+03
3.410222222222222626e+04
2.594233333333333212e+04
3.424266666666667152e+04
2.596541666666666788e+04
4.348666666666666060e+03
1.411488888888889051e+04
6.454666666666666970e+02
3.392000000000000728e+04
-8.354972222222224445e+03
3.421333333333333576e+04
3.389222222222222626e+04
2.594666666666666424e+04
3.410222222222222626e+04
-6.078119047619047706e+03
3.421333333333333576e+04
-8.329884057971010407e+03
2.886666666666666288e+02
-7.170769230769230489e+03
3.405788888888889051e+04
4.826666666666666856e+02
3.376999999999999272e+04
2.594233333333333212e+04
2.879166666666666288e+02
2.569583333333333212e+04
3.391233333333333576e+04
3.418555555555555475e+04
3.394933333333333576e+04
-6.484880952380952294e+03
3.389222222222222626e+04
2.554291666666666424e+04
1.004444444444444571e+02
2.569116666666666788e+04
-7.523615384615383846e+03
2.582499999999999636e+04
1.910833333333333428e+02
-6.116595238095237619e+03
2.771233333333333212e+04
-6.944461538461538112e+03
3.421333333333333576e+04
1.846666666666666856e+02
3.409111111111110949e+04
3.421333333333333576e+04
2.588149999999999636e+04
-6.342595238095237619e+03
-7.400256410256410163e+03
3.417666666666667152e+04
-8.055638888888889596e+03
-6.937499999999999091e+03
3.412600000000000000e+04
-2.421416666666666970e+03
-7.442333333333333940e+03
2.582499999999999636e+04
-7.873333333333332121e+03
-1.850000000000000000e+03
-8.263608695652175811e+03
2.321758333333333576e+04
1.330000000000000000e+02
1.919359999999999854e+04
2.305916666666666788e+04
6.627222222222222626e+03
3.406800000000000000e+04
1.356111111111110404e+03
7.605222222222222626e+03
7.656074074074072996e+03
3.421333333333333576e+04
2.318983333333333576e+04
-6.462071428571428442e+03
-3.872800000000000182e+03
-2.669666666666666515e+03
-2.353583333333333485e+03
-6.785238095238093592e+03
1.123638095238095229e+04
1.015000000000000000e+02
2.748858333333333576e+04
-5.670380952380952294e+03
-6.341333333333333940e+03
6.916666666666666288e+02
-6.652595238095236709e+03
6.826666666666673109e+02
1.391333333333333258e+03
-5.853333333333334849e+03
1.883520000000000073e+04
-3.153500000000000455e+03
-7.018119047619048615e+03
-7.388789473684211771e+03
2.599825000000000000e+04
-4.298518518518519159e+03
8.411111111111112848e+01
1.934066666666666424e+04
1.481383333333333576e+04
1.591999999999999773e+03
2.713083333333333576e+04
-4.283399999999999636e+03
2.113493333333333067e+04
2.510833333333333144e+02
8.083333333333333030e+03
-1.129799999999999727e+03
-6.788166666666666060e+03
2.574166666666666856e+02
1.576506666666666570e+04
-6.639380952380952294e+03
2.071579999999999563e+04
-6.080800000000000182e+03
2.026706666666666570e+04
-3.213393939393940400e+03
-6.111071428571428442e+03
1.417272222222222445e+04
3.341511111111111677e+04
-1.855866666666666333e+03
-7.522205128205127039e+03
-5.896738095238096321e+03
1.040000000000000000e+04
1.244166666666666572e+02
2.841291666666666424e+04
-6.510547619047618355e+03
1.153755555555555657e+04
-4.133857142857143117e+03
3.171666666666666288e+02
4.300000000000000000e+01
-6.644095238095238528e+03
3.329622222222222626e+04
2.313708333333333212e+04
-5.735933333333334303e+03
-8.328280701754387337e+03
1.121414285714285688e+04
1.318888888888888857e+02
-3.145637681159420936e+03
2.543900000000000364e+04
9.322222222222222854e+01
3.530233333333333576e+04
-5.506714285714284415e+03
-4.872125000000000000e+03
1.876333333333333576e+04
1.204444444444444571e+02
-8.082492753623191675e+03
-4.131766666666666424e+03
-1.496333333333333258e+03
-6.753395833333333030e+03
-7.243333333333333030e+03
2.566749999999999636e+04
-7.345205128205128858e+03
3.578484848484849408e+03
-7.767383333333334122e+03
-7.741130434782609882e+03
3.410222222222222626e+04
-6.649023809523810087e+03
-3.195833333333333485e+03
-8.225492753623184399e+03
4.462933333333332484e+03
-7.107729166666666970e+03
6.174030303030303003e+03
2.858516666666666424e+04
4.133333333333333144e+02
-7.490333333333332121e+03
-7.692619047619045887e+03
1.618111111111110949e+04
1.889446666666666715e+04
-5.872500000000000909e+03
1.877453333333333285e+04
2.604991666666666788e+04
3.411188888888889051e+04
2.318775000000000364e+04
-7.294538461538461888e+03
3.338733333333333576e+04
-7.506461538461537202e+03
2.779033333333333212e+04
1.873833333333333212e+04
2.738666666666657079e+02
3.420600000000000728e+04
3.308344444444444525e+04
2.310608333333333212e+04
3.363677777777778101e+04
3.412600000000000000e+04
3.421333333333333576e+04
1.479555555555555657e+04
2.510666666666666788e+04
-7.308933333333332484e+03
3.352255555555555475e+04
-6.370119047619047706e+03
-4.171428571428570649e+03
3.412600000000000000e+04
3.350677777777778101e+04
-6.856285714285714675e+03
2.323133333333333576e+04
1.877119999999999709e+04
-6.689690476190475238e+03
5.887484848484848044e+03
3.406555555555555475e+04
2.564166666666666788e+04
2.294416666666666788e+04
-7.218166666666666970e+03
-5.690433333333332484e+03
-6.533245614035088693e+03
3.392000000000000728e+04
2.609616666666666424e+04
1.224916666666666742e+03
-6.189696969696969063e+03
1.858200000000000364e+04
3.420600000000000728e+04
3.420877777777778101e+04
8.100000000000001421e+01
2.669066666666666788e+04
3.413155555555555475e+04
-3.104833333333333485e+03
-2.420083333333333030e+03
3.350677777777778101e+04
3.413155555555555475e+04
3.421333333333333576e+04
3.408344444444444525e+04
6.812037037037038317e+03
-8.570202898550725877e+03
3.332866666666666424e+04
1.381138888888888869e+04
2.506800000000000000e+04
3.408344444444444525e+04
3.347900000000000000e+04
2.603716666666666788e+04
1.026666666666666714e+02
3.421122222222222626e+04
3.343922222222222626e+04
3.420600000000000728e+04
-6.307035087719298645e+03
-6.140690476190476147e+03
3.308344444444444525e+04
3.392155555555555475e+04
-4.369958333333333030e+03
-6.255952380952381645e+03
3.352255555555555475e+04
-6.206190476190475238e+03
3.418555555555555475e+04
3.408344444444444525e+04
2.033333333333333428e+02
-5.909904761904761472e+03
2.594233333333333212e+04
3.408344444444444525e+04
2.357733333333333576e+04
3.296400000000000000e+04
-6.340500000000000000e+03
1.051111111111111285e+02
-7.577710144927534202e+03
2.266950000000000364e+04
3.297233333333333576e+04
-7.356666666666666060e+03
-2.859347826086953773e+03
-7.529256410256410163e+03
1.600779999999999927e+04
-7.792333333333335759e+03
2.323866666666666788e+04
1.961499999999999636e+04
1.871566666666666424e+04
3.420600000000000728e+04
3.352255555555555475e+04
3.424266666666667152e+04
-7.622539682539684691e+03
3.388577777777778101e+04
3.538566666666666424e+04
-7.565179487179488206e+03
3.539866666666666424e+04
2.610274999999999636e+04
3.332866666666666424e+04
2.318225000000000364e+04
3.347900000000000000e+04
-6.201818181818181984e+03
2.742125000000000364e+04
3.420600000000000728e+04
-6.486523809523810087e+03
-6.237523809523809177e+03
3.341511111111111677e+04
2.090060606060605096e+03
3.421333333333333576e+04
3.424266666666667152e+04
3.363677777777778101e+04
2.597333333333333212e+04
-8.590020202020203214e+03
3.394933333333333576e+04
-6.979155555555555111e+03
-6.968904761904762381e+03
3.539866666666666424e+04
1.900787878787877844e+03
-7.575000000000000000e+03
-6.727833333333333940e+03
-6.513119047619047706e+03
-6.372571428571428442e+03
2.592816666666666788e+04
-8.172637681159417298e+03
1.885339999999999782e+04
1.454733333333333394e+04
2.421958333333333212e+04
3.376511111111110949e+04
-7.617318840579710923e+03
-8.024270833333333940e+03
2.569116666666666788e+04
3.413155555555555475e+04
3.347900000000000000e+04
3.413155555555555475e+04
3.363677777777778101e+04
-7.971838383838382470e+03
3.363677777777778101e+04
