4.178558950649162289e+05
-1.882647038386450149e+05
2.017822361120957881e+06
2.832337955352806486e+06
3.742217239166861400e+06
-1.279599405555940175e+05
-1.187590287760580250e+05
6.446080493767505977e+05
1.555134641229496920e+05
-1.663117608179699164e+05
1.772523246495716041e+06
4.485505784997587325e+05
2.338160645864236634e+06
-1.438555761450670252e+05
-8.909033237224434561e+04
-9.433029898725613020e+04
6.541211839586174756e+04
5.895212806247872068e+05
2.752599831649833504e+04
5.353033338309199280e+03
-8.500101696339575574e+04
2.003474455554819899e+06
-2.054260420863289619e+05
-1.656473381142177386e+05
-1.117831311097481957e+05
8.810040939244482433e+04
2.031514384498392930e+06
-4.069379146982444217e+04
-1.023422149800748448e+05
-1.556530277454868192e+05
-1.433696099431851180e+05
-1.921092019450083608e+05
1.578387495425366069e+04
2.112154649538866943e+05
1.204843772968161618e+06
7.784922905794921098e+05
5.522849125364432111e+05
3.956526864295426640e+05
-2.163419785836007504e+05
-2.462402121365916391e+05
-2.559010361126740463e+05
-3.710234669396260288e+05
-1.104499064703270415e+05
-1.859057194361194270e+05
1.968229526137473527e+06
-1.847376074712324771e+05
4.058133056796410820e+05
1.926607858699091244e+06
1.017609908016862464e+06
-3.279739096829098708e+04
1.744321840596245835e+06
1.948995887371988036e+06
-1.591126845094389864e+05
3.241678691863691711e+04
3.269905010918905027e+05
1.762276217194521567e+06
1.865940682420682278e+05
1.815298444683292881e+06
-1.150702325313575275e+05
2.479317824464750476e+06
-1.860173753983144125e+05
-1.780271245228348998e+05
-2.191761788102469873e+05
-2.409981206794560130e+05
-7.784353323528326291e+04
1.972946133225877304e+06
-2.101018761228851217e+05
-3.043512106086505810e+05
-2.530698891839155112e+05
-1.104662051593908836e+05
-2.638430698579198797e+05
-1.354207397275926778e+05
-2.307990230161771760e+05
-2.909944568767911987e+05
-3.308904916081069387e+05
-3.572152063033120940e+05
-1.630015036267744144e+05
-3.060457549905545311e+05
-2.427258714276866522e+05
-1.515592580017448636e+05
-2.074991689642556885e+05
-2.436989337307137612e+05
2.403734380574584007e+06
-1.561322437771100376e+05
2.237594544085198140e+05
1.827717460315230070e+06
-1.323628357808127475e+05
-6.414188149640349729e+04
-3.378311348931770772e+05
-1.768193594471767719e+05
-8.786216175197351549e+04
2.417962707621145528e+06
-2.188072017719123396e+05
-9.299331227075732022e+04
1.301502457894931547e+06
9.075524173280423565e+04
3.569032219026182429e+04
-3.041252615045772400e+05
-9.512576957802647667e+04
-1.527807132879604760e+05
-2.451511746406204184e+05
-3.170479042864041985e+05
