3.850000000000000000e+02
5.090000000000000000e+02
1.870000000000000000e+02
3.750000000000000000e+02
2.770000000000000000e+02
2.210000000000000000e+02
2.430000000000000000e+02
3.660000000000000000e+02
3.570000000000000000e+02
3.600000000000000000e+02
3.400000000000000000e+02
1.810000000000000000e+02
2.300000000000000000e+02
1.110000000000000000e+02
1.520000000000000000e+02
1.560000000000000000e+02
3.510000000000000000e+02
4.170000000000000000e+02
3.540000000000000000e+02
3.150000000000000000e+02
3.960000000000000000e+02
2.990000000000000000e+02
4.110000000000000000e+02
3.480000000000000000e+02
2.070000000000000000e+02
3.080000000000000000e+02
3.270000000000000000e+02
