-4.424032121428570710e+06
-4.423967852686202154e+06
-4.423797327777777798e+06
-4.423937823809524067e+06
-4.424016880952381529e+06
-4.423998926984126680e+06
-4.424000387301587500e+06
-3.686858490199614782e+06
-4.424082299999999814e+06
-4.424025761616161093e+06
-4.424024652836052701e+06
-4.423976971550671384e+06
-4.423996665934065357e+06
-4.424027466666666791e+06
-4.423958337301587686e+06
-4.424009728571427986e+06
-4.423887957703407854e+06
-4.423909550360750407e+06
-4.424021012121212669e+06
-4.423947604761905037e+06
-4.423920727922078222e+06
-4.423964117982017808e+06
-4.424037941774891689e+06
-4.423963223809523508e+06
-4.423992699206349440e+06
-4.624074366666666232e+06
-4.424015110805860721e+06
-4.423964498412698507e+06
-4.424003952597402036e+06
-4.424022376190476120e+06
-4.423950675180375576e+06
-4.423997492857143283e+06
-4.424029957142856903e+06
-4.424091583333333954e+06
-4.423999061904761940e+06
-4.424019213636362925e+06
-4.424091347474748269e+06
-4.423992717765567824e+06
-3.260133806138306390e+06
-7.511944305627706461e+06
-4.424015777472527698e+06
-4.423971396520147100e+06
-4.423873523809524253e+06
-4.424036087878787890e+06
-7.624021628571428359e+06
-4.424009823809524067e+06
-4.423974491558441892e+06
-4.424009728571427986e+06
-4.424059958730158396e+06
-4.424033133333333768e+06
-4.424001596669996157e+06
-4.424012094505494460e+06
-4.424007129365079105e+06
-4.423985094011543319e+06
-4.424082577922077850e+06
-4.424026717460317537e+06
-4.424107288095237687e+06
-4.424002330880230293e+06
-4.424032512121211737e+06
-4.424000648196248338e+06
-4.423887033333333209e+06
-4.424024815873015672e+06
-7.511943921428571455e+06
-4.423968391269841231e+06
-4.423924763203462586e+06
-4.423992515567765571e+06
-7.624001679365078919e+06
-4.423999942857142538e+06
-4.423957018253968097e+06
-4.423938508957709186e+06
-4.423969960189810023e+06
-4.424036464502165094e+06
-4.424009228571427986e+06
-4.423962678571428172e+06
-4.424001301082251593e+06
-4.423991529870130122e+06
-4.423873916666666977e+06
-4.424013332600732334e+06
-4.423950858974358998e+06
-4.423929835714286193e+06
-4.423996482539681718e+06
-4.424078383333332837e+06
-4.424041645021645352e+06
-4.424006966666666791e+06
-4.424000486507936381e+06
-4.424022545454544947e+06
-4.423855760439560749e+06
-4.424020760028859600e+06
-4.424124235164834186e+06
-4.423951337878787890e+06
-4.423997672727272846e+06
-4.423953013220113702e+06
-4.424091311904761940e+06
-4.423952265567765571e+06
-4.423987161688311957e+06
-4.424023831168831326e+06
-7.524003294444444589e+06
-4.424014632756132632e+06
-4.423990556132756174e+06
-4.424115060101010837e+06
-4.624041327777777798e+06
-4.423999581746032462e+06
-4.424023513159063645e+06
-4.423945151370851323e+06
-4.423991994444444776e+06
-4.423980451731601730e+06
-4.423961594588744454e+06
-4.424008454761905596e+06
-4.424079159523809329e+06
-4.424014717488067225e+06
-4.423982895815296099e+06
-4.424011204761904664e+06
-4.424037927489178255e+06
-4.423946822366522625e+06
-4.423987387878787704e+06
-7.512015268864469603e+06
-4.424023298268398270e+06
-3.686549257034631912e+06
-4.423988463636363856e+06
-4.424013211255410686e+06
-4.423970067338217981e+06
-4.423987754761904478e+06
-4.624055026190476492e+06
-4.624038426190475933e+06
-4.624055944444444962e+06
-4.423972488888888620e+06
-4.423999871428570710e+06
-4.423892481818182394e+06
-4.424038911111110821e+06
-4.423975144322344102e+06
-4.424058895454545505e+06
-4.424010981196580455e+06
-4.423973442857142538e+06
-4.424015522222221829e+06
-4.423999615656565875e+06
-4.423885776190476492e+06
-4.423939261255411431e+06
-4.423915021212121472e+06
-4.423968732539682649e+06
-4.423968484582085162e+06
-4.424006042857142165e+06
-4.423969378787878901e+06
-4.424005347619047388e+06
-4.423984087878787890e+06
-4.423879310101010837e+06
-4.424021064285714179e+06
-4.423855203679652885e+06
-4.423925565873015672e+06
-4.424128383333333768e+06
-4.423908542307691649e+06
-4.424028873593073338e+06
-4.424014035714285448e+06
-4.423917044805195183e+06
-4.423964882051282562e+06
-4.424003656060606241e+06
-4.423995577272727154e+06
-7.524024199206349440e+06
-4.423970127777777612e+06
-4.424010955555556342e+06
-4.423959848473748192e+06
-4.423926173737374134e+06
-4.424009807936508209e+06
-4.423969895759795792e+06
-4.423969815995115787e+06
-4.424009538095237687e+06
-4.424092929870130494e+06
-4.424014049999999814e+06
-4.423965489094238728e+06
-4.424032825912976637e+06
-4.424016538095237687e+06
-4.423996986946387216e+06
-4.424005421212121844e+06
-4.424022464502165094e+06
-4.424012240476191044e+06
-4.423910633333333768e+06
-4.424117878121878020e+06
-4.423931636219335720e+06
-4.423993335714286193e+06
-4.423943852380951867e+06
-4.424012068253968842e+06
-4.423954622427572496e+06
-4.423878879886779934e+06
-4.423927527777777985e+06
-4.423970466666666791e+06
-4.423996345815295354e+06
-4.423970564951715060e+06
-4.423975804545453750e+06
-4.423958775091575459e+06
-4.423937855555555783e+06
-4.424053739393939264e+06
-4.424015428787878715e+06
-4.424049305555555038e+06
-7.511942346031745896e+06
-4.424010157142857090e+06
-4.424071799999999814e+06
-4.424006490476190113e+06
-4.424001694444444031e+06
-4.423990264285714366e+06
-4.423928389682539739e+06
-4.424045557708958164e+06
-4.424000042207791470e+06
-4.424006965223664418e+06
-4.424001667676767334e+06
-4.423947753968254663e+06
-4.424065323809523135e+06
-4.423896378021977842e+06
-4.424012617171716876e+06
-7.524000004761906341e+06
-4.424001962121211924e+06
-4.623951285714285448e+06
-4.424009004428904504e+06
-4.424021342307692394e+06
-4.423948766666666605e+06
-4.423986435742035508e+06
-4.424002855555554852e+06
-4.424021633333333768e+06
-4.424102514285714366e+06
-4.423991288095237687e+06
-4.424062343589743599e+06
-4.424006895238095894e+06
-4.423965346536796540e+06
-7.623993266666665673e+06
-4.423997478571427986e+06
-4.424010406493506394e+06
-4.423938376190476120e+06
-4.423970889155289158e+06
-4.423940961111111566e+06
-4.423928160606061108e+06
-4.623993059523809701e+06
-4.424013223953824490e+06
-4.424020901731601916e+06
-4.424075799999999814e+06
-4.423990311904761940e+06
-4.423995601587301120e+06
-7.511945417460317723e+06
-4.424053645454545505e+06
-4.424000192857142538e+06
-7.624004384992785752e+06
-4.424059296825395897e+06
-4.423996871428571641e+06
-4.424035000000000000e+06
-7.512005520634921268e+06
-4.423956860606060363e+06
-4.423982000793650746e+06
-4.424109254545453936e+06
-4.423998942857142538e+06
-4.424075866666667163e+06
-4.423970001515151002e+06
-4.424037204761905596e+06
-4.424028316117215902e+06
-4.423973246969697066e+06
-4.424034215873016044e+06
-4.624093393650793470e+06
-4.424001376118326560e+06
-4.423780466666666791e+06
-4.423906150000000373e+06
-4.424034566666666418e+06
-4.423990318037518300e+06
-4.424087299999999814e+06
-4.424045128305028193e+06
-4.423994883333333768e+06
-4.423999822005772032e+06
-4.423978064951715060e+06
-4.423995749661450274e+06
-4.423955184920635074e+06
-4.424015249267399311e+06
-4.423941633333333768e+06
-4.424025559740259312e+06
-4.424032691774891689e+06
-4.423958651370851323e+06
-4.423988192857143469e+06
-4.423976158458208665e+06
-4.424030741758242249e+06
-4.424008005400155671e+06
-4.423955557359307073e+06
-4.423974297113996930e+06
-4.424118685714285821e+06
-4.423991692857142538e+06
-4.424023547619047575e+06
-4.424008702597402968e+06
-4.423961216666666791e+06
-4.424047416883116588e+06
-4.424039299999999814e+06
-4.424001098340547644e+06
-4.423904049999999814e+06
-4.424011371428571641e+06
-4.424014149206348695e+06
-4.424001623809523880e+06
-4.424101584948385134e+06
-4.423872462698413059e+06
-4.423931633333333768e+06
-4.424075911111110821e+06
-4.424052883333333768e+06
-1.952400980555555597e+07
-4.423888113764014095e+06
-4.423987584126984701e+06
-4.423901075124874711e+06
-4.424015908424908295e+06
-4.424013485198134556e+06
-4.423992105916306376e+06
-4.624084950000000186e+06
-4.424012076190477237e+06
-4.424108389743589796e+06
-4.424084630303029902e+06
-4.424122958730158396e+06
-4.424003365873015486e+06
-4.624040845021644607e+06
-4.423914992640692741e+06
-4.424079456043956801e+06
-4.424008785064934753e+06
-4.424045334632034414e+06
-4.424134473260072991e+06
-4.424004012121212669e+06
-4.424006316971917637e+06
-4.423979637878787704e+06
-4.423998123537573963e+06
-4.424001895238095894e+06
-4.423950961111111566e+06
-4.423969716666666791e+06
-4.424034030036630109e+06
-4.423961427344878204e+06
-7.624003675396825187e+06
-7.511932940909090452e+06
-4.423979916161616333e+06
-4.423952215384615585e+06
-4.424115049999999814e+06
-4.423962085714285262e+06
-4.423960416666666977e+06
-4.423993930952380411e+06
-4.423934366883116774e+06
-4.423992522222222760e+06
-4.423956367982017808e+06
-4.423954778787878342e+06
-4.424080420346320607e+06
-7.624004766666667536e+06
-4.423995905339105055e+06
-4.423930776190476492e+06
-4.424008016450216994e+06
-4.423997514285714366e+06
-4.424002815928515978e+06
-1.952400291660006717e+07
-4.424007776190476492e+06
-4.424029767965367995e+06
-4.423986264646464959e+06
-4.423992568037518300e+06
-4.423978504545454867e+06
-4.423995782323231921e+06
-4.423959678787877783e+06
-4.424034818398268893e+06
-4.423979549999999814e+06
-4.423872887301587500e+06
-4.624027950000000186e+06
-7.511952849999999627e+06
-4.423951728571427986e+06
-4.423917128138529137e+06
-4.424003415656565689e+06
-4.424128609523809515e+06
-4.423994345021644607e+06
-4.423932726190475747e+06
-4.424002930952380411e+06
-4.423926324386724271e+06
-4.423993371228771284e+06
-4.423996609523809515e+06
-4.423969915656565689e+06
-4.423881299999999814e+06
-4.423976489393939264e+06
-4.424022929870130494e+06
-4.424068817948718555e+06
-4.423953905555555597e+06
-4.424061284149183892e+06
-4.423952858658008277e+06
-4.424081258974359371e+06
-3.686856410473785829e+06
-4.424075666666666977e+06
-4.423895997741147876e+06
-4.423781071428571828e+06
-4.624073000000000000e+06
-4.423977535503385589e+06
-4.424038355555554852e+06
-4.424009696947496384e+06
-4.424082589682539925e+06
-4.423982942857143469e+06
-4.424037762121212669e+06
-4.424033523076923564e+06
-4.424006449450549670e+06
-7.624012771428572014e+06
-4.424052911688311957e+06
-4.423974456926407292e+06
-4.424001405339105055e+06
-4.424111111904761754e+06
-4.424009916666666977e+06
-4.423993670546120033e+06
-4.624073485714285634e+06
-4.424014466666666791e+06
-4.423949697041846812e+06
-4.424002323809524067e+06
-4.423953957925407216e+06
-4.423997109523808584e+06
-4.423955874392273836e+06
-4.423987655555555597e+06
-4.423967252380952239e+06
-4.423947042857142165e+06
-4.423994605555554852e+06
-4.424026919047619216e+06
-4.424115725674325600e+06
-4.423963639466090128e+06
-7.624003758730160072e+06
-4.423996128937728703e+06
-4.424017987179487012e+06
-4.424012334126984701e+06
-4.424018688888888806e+06
-4.424008093650793657e+06
-4.424029673260073178e+06
-4.423994169047619216e+06
-4.423975212426462211e+06
-4.424039421212120913e+06
-4.424015878787878901e+06
-4.424019319264069200e+06
-4.423961228571428917e+06
-4.424063824009324424e+06
-4.624044380952380598e+06
-4.423993114285713993e+06
-4.423962449567099102e+06
-4.423984250793650746e+06
-4.424033004945055582e+06
-4.423999506926407106e+06
-4.424010515995116904e+06
-4.424061172727272846e+06
-4.423977034648684785e+06
-4.423963609523809515e+06
-4.424000490476190113e+06
-4.423913780103230849e+06
-4.424010674009324051e+06
-4.423994864951714873e+06
-7.512007770634921268e+06
-4.423868979426129721e+06
-4.424012149206349626e+06
-4.423912392929292284e+06
-4.424031587878787890e+06
-4.424014429148629308e+06
-4.423949384920635261e+06
-4.423998648989899084e+06
-4.423970865079364739e+06
-4.423986022222222760e+06
-4.423985264646464959e+06
-7.523992976984126493e+06
-4.423901375624375418e+06
-4.424025545454544947e+06
-4.423956361904761754e+06
-4.423979891269841231e+06
-4.423986798196247779e+06
-4.424037238095237873e+06
-4.424022872283272445e+06
-4.423968180952380411e+06
-4.424003458608059213e+06
-4.424039384615384042e+06
-4.624066066883116961e+06
-4.424103472494172864e+06
-4.423876046553445980e+06
-4.424010109523808584e+06
-4.423913426984126680e+06
-4.424037597619047388e+06
-4.424026704761904664e+06
-4.423985217948717996e+06
-4.424034210805860348e+06
-4.423922990187590942e+06
-4.423990980952380225e+06
-4.423995977228326723e+06
-4.423922359523809515e+06
-4.424021568925518543e+06
-4.423996341847041622e+06
-4.424075678787878715e+06
-4.423916480819181539e+06
-4.423984069841269404e+06
-4.624021191758241504e+06
-4.423969884271284565e+06
-4.424032036868686788e+06
-7.511943659884559922e+06
-4.424039453013652936e+06
-4.424023689743589610e+06
-4.424015407020756975e+06
-4.423945056410256773e+06
-4.424094795804196037e+06
-4.423981769930070266e+06
-4.423995179148629308e+06
-4.424029022222221829e+06
-4.423999893434343860e+06
-4.423940453846153803e+06
-4.423949661255411804e+06
-4.424120317676767707e+06
-4.424019855555555783e+06
-4.424012694660895504e+06
-7.512000099999999627e+06
-4.423988603391053155e+06
-4.423975224042624235e+06
-4.423970461111111566e+06
-4.423897490476190113e+06
-4.423876530303030275e+06
-4.424001806277057156e+06
-4.424094228571427986e+06
-4.424033656565656886e+06
-4.423980069264069200e+06
-4.423972334798535332e+06
-4.423962058608058840e+06
-4.424030343073593453e+06
-4.424029364774114452e+06
-4.424020794588744640e+06
-4.423901051903652027e+06
-4.423990745526695624e+06
-4.423946114285713993e+06
-4.423934127777777612e+06
-4.424021073809524067e+06
-4.423980850854700431e+06
-4.424079171212120913e+06
-4.424023320512820967e+06
-4.423918655799755827e+06
-4.424032361904761754e+06
-4.423918920346320607e+06
-4.424044473076922819e+06
-4.423945150505051017e+06
-4.424100438888888806e+06
-4.423905898051948287e+06
-4.423747077777778730e+06
-4.424023709307359532e+06
-4.423996910606060177e+06
-4.424003942568542436e+06
-4.423966198989898898e+06
-4.424046913636363111e+06
-4.424019919047618285e+06
-4.424007764285714366e+06
-4.424011764285714366e+06
-4.424004784215783700e+06
-4.423999764285714366e+06
-4.424000073093572631e+06
-4.423987209396159276e+06
-4.424013971212120727e+06
-4.423967783116882667e+06
-4.424019490259740502e+06
-4.424007446631146595e+06
-4.423983249567099847e+06
-4.423953425624376163e+06
-4.424038133333332837e+06
-4.423963514285715297e+06
-4.423929198412698694e+06
-4.424010285714285448e+06
-4.424017544139194302e+06
-4.424044467965368181e+06
-4.423927451859252527e+06
-4.423970530375180766e+06
-4.423927763369963504e+06
-4.624069700366300531e+06
-4.423882655555555597e+06
-4.423965595238095149e+06
-4.423907759340658784e+06
-4.624065237179487012e+06
-4.623886502836053260e+06
-4.424032111111111008e+06
-4.423992163275612518e+06
-7.623980524242423475e+06
-4.424043999300699681e+06
-7.524000360678210855e+06
-4.424002799999999814e+06
-4.423998521139970981e+06
-4.423953844588743523e+06
-4.423975320279719308e+06
-4.423984741991342045e+06
-4.424031442857143469e+06
-4.423981154978355393e+06
-4.423972048196247779e+06
-4.424056492857142352e+06
-4.424000501298701391e+06
-4.423982150649351068e+06
-4.424026980952381156e+06
-4.424016857142857276e+06
-4.423946710256410763e+06
-4.424006438267288730e+06
-4.424034475457875058e+06
-4.423981506565656513e+06
-4.423867290026640519e+06
-4.624008561904761940e+06
-7.512000578210677020e+06
-4.624059469769119285e+06
-4.424012785064934753e+06
-4.423992549999999814e+06
-4.424023254545453936e+06
-4.423874633333333768e+06
-4.423989980724831112e+06
-4.423998195021645166e+06
-4.423977308513708413e+06
-4.423939791847041808e+06
-4.423970726839826442e+06
-4.424001472727272660e+06
-4.424000585714286193e+06
-4.424034191774891689e+06
-4.424127018531468697e+06
-4.423966741491841152e+06
-4.424004730802530423e+06
-4.424001180952381343e+06
-4.423950180952380411e+06
-4.424012669047618285e+06
-4.424004279997779988e+06
-7.523995861904762685e+06
-4.424025175641025417e+06
-4.424031926984126680e+06
-4.424001799999999814e+06
-4.424005239393939264e+06
-4.424028807359307073e+06
-4.424018843650793657e+06
-3.260129556483199354e+06
-4.423992691774891689e+06
-4.424032723293373361e+06
-4.424045577777777798e+06
-4.423942556349206716e+06
-4.423990554184704088e+06
-4.424008434398934245e+06
-4.423947031746031716e+06
-4.423996855555554852e+06
-4.424035470329670236e+06
-4.423895081890331581e+06
-4.423985025685425848e+06
-4.423967244444444776e+06
-4.423985494444444776e+06
-4.423900380319680087e+06
-4.423993312265512533e+06
-4.423946609523808584e+06
-4.624017295815295540e+06
-4.424002957142857835e+06
-4.424024239610389806e+06
-4.423906642857142724e+06
-4.423989484704184346e+06
-4.423993658585858531e+06
-4.424006743867243640e+06
-4.624056089971140027e+06
-4.424020437579087913e+06
-4.423886717982018366e+06
-4.424015313708513044e+06
-4.424021833333333954e+06
-4.423960640709290281e+06
-4.423998004545454867e+06
-4.423965568398268893e+06
-4.424014109523809515e+06
-4.624123200000000186e+06
-4.424002061904761940e+06
-4.423961087878787890e+06
-4.423988406060605310e+06
-4.423892020779220387e+06
-4.424000859984459355e+06
-4.424001161111110821e+06
-4.423872709090908989e+06
-4.423965333333333954e+06
-4.424059092307692394e+06
-4.423969197619047016e+06
-4.423990430952381343e+06
-4.423991857720058411e+06
-4.624022759523809887e+06
-4.423991524392275140e+06
-4.423985948989898898e+06
-4.624056571428571828e+06
-4.423971951315351762e+06
-4.424010332600732334e+06
-4.423994274458874017e+06
-4.423948259756909683e+06
-4.424000327472527511e+06
-4.424075133333333768e+06
-4.423993462698413059e+06
-4.423938633333333768e+06
-4.423951084432234056e+06
-4.424005429870130494e+06
-4.423983012426462024e+06
-4.423898930147630163e+06
-7.511992782539682463e+06
-4.424015332600733265e+06
-4.423830227072926238e+06
-4.424029233333332464e+06
-4.624028363708513789e+06
-4.424008332600733265e+06
-4.423950974603174254e+06
-4.424029733333333395e+06
-4.424036197186147794e+06
-4.624017785497835837e+06
-4.423989596192696132e+06
-4.424012299999999814e+06
-4.423997066666666418e+06
-4.424016999267398380e+06
-4.423996675180375576e+06
-4.423969583333333023e+06
-7.524004861904762685e+06
-4.423978448351648636e+06
-4.624023928715729155e+06
-4.424035484149184078e+06
-4.424009061904761940e+06
-4.423877111111111008e+06
-4.424029088095238432e+06
-4.424009025274725631e+06
-4.624070128571429290e+06
-4.424042642124542966e+06
-4.423932573809524067e+06
-4.423982373593073338e+06
-4.423992556493506767e+06
-4.424015792063492350e+06
-4.423743769769119099e+06
-4.423992373593074270e+06
-4.623907759523808956e+06
-4.423963269841269590e+06
-4.423976019552669488e+06
-4.424050466666666791e+06
-4.424006675641025417e+06
-4.424016759007658809e+06
-4.424020285930735990e+06
-4.424014030952380970e+06
-4.424042299999999814e+06
-4.424034657142857090e+06
-4.423917549999999814e+06
-4.624023512543013319e+06
-4.423974078632478602e+06
-4.423955006060605869e+06
-4.424063084848484956e+06
-4.423929711355311796e+06
-4.624004819841270335e+06
-4.424128287179486826e+06
-4.423932917243867181e+06
-4.423989169047619216e+06
-4.423997012942613102e+06
-4.424013738311687484e+06
-4.424060919047619216e+06
-4.423883702847152948e+06
-4.424061646969696507e+06
-4.624159633333333768e+06
-4.423995241919191554e+06
-4.424027178787878715e+06
-4.424044415934065357e+06
-4.424013697286047041e+06
-4.424008383333333768e+06
-4.624069301298701204e+06
-4.423913673593074083e+06
-4.424025951648352668e+06
-4.424028953679653816e+06
-7.524000599999999627e+06
-1.951194482222222164e+07
-4.424108287179486826e+06
-4.424006188888888806e+06
-4.423914082323232666e+06
-7.511995988528138027e+06
-7.524002342063491233e+06
-4.424026663636363111e+06
-4.424044585497835651e+06
-4.424010657142857090e+06
-4.623990849567099474e+06
-4.423882680952380411e+06
-4.424000088600289077e+06
-4.424006954040404409e+06
-4.424062741414141841e+06
-4.423978852963702753e+06
-4.424120016666667536e+06
-4.424008652258852497e+06
-4.423968506926407106e+06
-4.423980629148629494e+06
-4.423990478571427986e+06
-4.624046918614718132e+06
-4.424028830303030089e+06
-4.423981979292929173e+06
-4.423983306132756174e+06
-4.423982550360750407e+06
-4.423946490476190113e+06
-4.424052487445887178e+06
-4.624031272222222760e+06
-4.424015835714286193e+06
-4.624025506837607361e+06
-4.423905267171716318e+06
-4.423983689194140024e+06
-4.623984569230769761e+06
-4.423834650000000373e+06
-4.423897184215784073e+06
-4.423976352597402409e+06
-4.624087390476190485e+06
-4.423958820851370692e+06
-7.511957993217892945e+06
-4.424042900000000373e+06
-4.423859304761904292e+06
-4.424001294444443658e+06
-4.624027115079364739e+06
-4.424008768253968097e+06
-4.423970180952380411e+06
-4.424071723076922819e+06
-4.424086799999999814e+06
-4.424019598901098594e+06
-4.423999071123321541e+06
-7.623997330158730038e+06
-4.424055523809524253e+06
-4.424053045454544947e+06
-4.423927573809524067e+06
-7.524008024242425337e+06
-4.624028307720057666e+06
-4.423913931773781776e+06
-7.512005043722944334e+06
-7.511941552020201460e+06
-4.624033964285714552e+06
-4.423998278354978189e+06
-4.424031049999999814e+06
-4.423995026190476492e+06
-4.423938087878787890e+06
-4.424068863636363298e+06
-4.423989127777777612e+06
-4.424124562898213044e+06
-4.424025456043956801e+06
-4.423984704761904664e+06
-4.423993135714286007e+06
-4.424015596969696693e+06
-4.423989835714286193e+06
-4.423990049999999814e+06
-4.423925235497835092e+06
-4.423969085930735804e+06
-4.424002548989898525e+06
-4.423990763203462586e+06
-4.424047332634032704e+06
-4.423973994444443844e+06
-4.423946488095237873e+06
-4.424028768603618257e+06
-4.423988484704184346e+06
-4.624024944444444962e+06
-4.424011577777777798e+06
-4.424020925641025417e+06
-4.423937841114440933e+06
-4.424032427838827483e+06
-4.424053088478188030e+06
-4.424031175491174683e+06
-4.424004174603174441e+06
-4.423955157142857090e+06
-4.424049466666666791e+06
-4.623996163708513603e+06
-4.424010342207792215e+06
-4.424060516161615960e+06
-4.423999030158730224e+06
-4.423994028354978189e+06
-4.423935207203907892e+06
-4.423937913586413488e+06
-4.424017191774891689e+06
-4.423994596536796540e+06
-4.423991859523809515e+06
-4.423992157142857090e+06
-4.424019766666667536e+06
-4.423977377777777612e+06
-4.424067087878787890e+06
-4.423934282323231921e+06
-4.424047297313797288e+06
-4.423981129598179832e+06
-4.423994190476190299e+06
-4.424028166666666046e+06
-4.624036188095238060e+06
-4.423983139105339535e+06
-4.423897119841270149e+06
-4.423993026190476492e+06
-4.424028495238094591e+06
-4.424053449483849108e+06
-4.423978591847041622e+06
-4.624001098412698135e+06
-4.423994121139971539e+06
-4.424118272222222760e+06
-4.424043179120878689e+06
-4.424023107997558080e+06
-4.423993948989898898e+06
-4.423990593939393759e+06
-4.424010018714618869e+06
-4.423993087878787890e+06
-4.423865072727272287e+06
-4.423985716666666791e+06
-4.424030140692641027e+06
-4.423947490476190113e+06
-4.423848135137085803e+06
-4.424091311904761940e+06
-4.424095228787878528e+06
-4.624036437012987211e+06
-4.424011920329669490e+06
-4.423979476406926289e+06
-4.424010799999999814e+06
-4.423897663636364043e+06
-4.423952299999999814e+06
-4.424004749206349254e+06
-4.424028228571428917e+06
-4.423975307936508209e+06
-4.423989910101009533e+06
-4.423880437301587313e+06
-4.424046440170940012e+06
-4.424010991558441892e+06
-4.423984954040404409e+06
-4.424053263203463517e+06
-4.424033957142856903e+06
-7.524008486507937312e+06
-4.424117688888888806e+06
-4.424001496031746268e+06
-4.624061704761905596e+06
-4.424012821139970794e+06
-4.624055845454545692e+06
-4.423841440476190299e+06
-4.424037201787102036e+06
-7.512002545165943913e+06
-4.423953821645021439e+06
-4.423879650649350137e+06
-4.423917951515151188e+06
-4.424028014285714366e+06
-4.423910830303030089e+06
-4.624030518453768454e+06
-4.424004263586414047e+06
-4.423952353391053155e+06
-4.424011922294372693e+06
-4.624019783333333209e+06
-4.424139592340992764e+06
-4.424100002380952239e+06
-4.424022696969697252e+06
-4.424009097619047388e+06
-4.424017161111110821e+06
-4.423992871428571641e+06
-4.824077897619048133e+06
-4.424011383333333768e+06
-4.624037342857142910e+06
-7.523999500793650746e+06
-4.423998930952380411e+06
-4.423996014285715297e+06
-4.423976946986347437e+06
-4.424038690909091383e+06
-4.423968613492063247e+06
-4.424030168131867424e+06
-4.424027125974026509e+06
-4.424019926984126680e+06
-4.424043449350649491e+06
-4.424004556410255842e+06
-4.423989740476190113e+06
-4.423984901010101661e+06
-4.423933735503384843e+06
-4.424009049999999814e+06
-4.423991780158730224e+06
-4.424044462121211924e+06
-4.424031313369963318e+06
-4.423988895238094963e+06
-4.424011416666666977e+06
-4.423965294444443658e+06
-4.424006781746031716e+06
-4.423968685081585310e+06
-7.524002306349205784e+06
-4.423933624314574525e+06
-4.423961976406926289e+06
-4.423951444444444962e+06
-4.423967126984126866e+06
-4.624128750000000000e+06
-4.624130073015873320e+06
-4.423850072222221643e+06
-4.423962447402597405e+06
-4.424044250000000000e+06
-4.424066799999999814e+06
-4.423949288095237687e+06
-4.424015214862914756e+06
-4.624021099999999627e+06
-4.423785188888888806e+06
-4.624135033333333209e+06
-4.423956006926407106e+06
-4.624013951082251035e+06
-4.424111139682539739e+06
-4.423997204761905596e+06
-4.424016553157953545e+06
-7.823988216666666791e+06
-4.423936383333333768e+06
-4.423982157142857090e+06
-4.423982837878787890e+06
-7.623999365151515231e+06
-4.423957859523809515e+06
-4.423995831746032462e+06
-4.424015633333333768e+06
-4.423988430952381343e+06
-4.423997976406926289e+06
-4.424018946703297086e+06
-3.686427162393162027e+06
-4.424001587878787890e+06
-4.424016125596625730e+06
-4.423980220634920523e+06
-4.424031111688311212e+06
-4.624122190170940012e+06
-4.423905890476190485e+06
-4.423981549206349067e+06
-4.423972516810966656e+06
-4.423996615295815282e+06
-4.423897556499056518e+06
-4.624064378571428359e+06
-4.423945995959595777e+06
-4.424012188888888806e+06
-4.423996110345210880e+06
-4.623928656132755801e+06
-4.424059829059829935e+06
-4.424006698268397711e+06
-4.423972165079364553e+06
-4.423993692857143469e+06
-4.424003526390275918e+06
-4.424026714635364711e+06
-4.624025657725607976e+06
-4.424035873737373389e+06
-7.511999588455988094e+06
-4.423983561904761940e+06
-4.423985413492063060e+06
-4.423943114285713993e+06
-4.423864498185148463e+06
-4.624109048251748085e+06
-4.423917800305250101e+06
-4.624072898778999224e+06
-4.424027078571428545e+06
-4.423944815384615213e+06
-7.511943958730158396e+06
-4.624067467948717996e+06
-4.424014807020757347e+06
-4.423930091486291960e+06
-4.423910581673881039e+06
-4.423892542063491419e+06
-4.424039773076923564e+06
-4.424012489560439251e+06
-4.424036146520147100e+06
-4.424007444505495019e+06
-4.424012320418470539e+06
-4.424041055555555038e+06
-4.424009231590631418e+06
-4.424014376190476120e+06
-4.423890739393939264e+06
-4.423968772222221829e+06
-4.423940665934065357e+06
-4.423994546031746082e+06
-4.423947921212120913e+06
-4.424031400854701176e+06
-4.423980195904095657e+06
-4.424082133333333768e+06
-4.423925686996337026e+06
-4.624006735930735245e+06
-4.424032870512820780e+06
-7.512002214718614705e+06
-4.424010384920635261e+06
-4.424035477489178069e+06
-4.424022384615384974e+06
-4.424103295970696025e+06
-4.424038439682539552e+06
-4.424030342157842591e+06
-4.424087895238095894e+06
-4.423997152597403154e+06
-4.424006815584415570e+06
-4.423864079093129374e+06
-4.424037496969697066e+06
-4.624036890748141333e+06
-4.624094468531468883e+06
-4.423987960589410737e+06
-4.424017742640692741e+06
-4.423982962898212485e+06
-4.423987718470418826e+06
-4.424026087878787890e+06
-4.423925299999999814e+06
-4.424020906227106228e+06
-4.624038190709291026e+06
-7.512004359523808584e+06
-4.423981842424242757e+06
-4.424067728571427986e+06
-7.524024298412698321e+06
-4.624045858208457939e+06
-4.624072187179487199e+06
-4.423864273593073711e+06
-4.423907388744588941e+06
-4.424020926645576954e+06
-4.424001262121211737e+06
-4.423928455555556342e+06
-4.423946283605283126e+06
-4.424033246969697066e+06
-4.423999169047619216e+06
-4.423997669047618285e+06
-4.424023019047619775e+06
-1.962400364437229186e+07
-4.624080975091574714e+06
-4.624054890476191416e+06
-4.624043863492063247e+06
-7.523986684054834768e+06
-4.423980932756133378e+06
-4.423939833333333954e+06
-4.624050441269841976e+06
-4.423985016089466400e+06
-4.423978054922854528e+06
-4.824105590476190671e+06
-4.424020992640692741e+06
-4.423993847619047388e+06
-4.424021183838384226e+06
-4.623955781529581174e+06
-4.423983542279941961e+06
-4.424054241758242249e+06
-4.424015733333333395e+06
-4.423948461172161624e+06
-4.423982025108224712e+06
-4.424034096703296527e+06
-7.511943199206349440e+06
-4.624068961904762313e+06
-4.423944195299145766e+06
-4.624021495238094591e+06
-4.424036522222222760e+06
-4.424027076190476306e+06
-4.424054239393939264e+06
-4.424099730158729479e+06
-4.423975287179486826e+06
-4.423986616738816723e+06
-4.424012492640692741e+06
-4.423920434920635074e+06
-4.424056796825396828e+06
-4.423933107142857276e+06
-4.423955910189810209e+06
-4.424009023015873507e+06
-4.424006429870130494e+06
-4.624012645021645352e+06
-4.423902296608946286e+06
-4.424051585714286193e+06
-4.424013051082250662e+06
-4.423913176984126680e+06
-4.424015760101011023e+06
-4.424032014285715297e+06
-4.624038750000000000e+06
-4.424010647619048133e+06
-7.823992204761904664e+06
-4.423970819841270335e+06
-4.424018519047619775e+06
-4.424016241758241318e+06
-4.423980105555554852e+06
-4.424038670085469261e+06
-4.424026521645021625e+06
-4.424024468831168488e+06
-4.624077736996336840e+06
-4.623982994605394080e+06
-4.623986722743922845e+06
-4.423929475541125983e+06
-4.423986494444443844e+06
-4.424022978571427986e+06
-4.423955565007215366e+06
-4.423909296031745151e+06
-4.423958155283605680e+06
-4.624055412898212671e+06
-4.624047528787879273e+06
-4.424014754545454867e+06
-4.624004973809523508e+06
-4.423982998412698507e+06
-4.423972085714286193e+06
-4.423999708730158396e+06
-4.424020256626707502e+06
-4.423987078571428545e+06
-4.624012473809523508e+06
-4.824086185714285821e+06
-7.524005115873016417e+06
-1.952400895959595963e+07
-4.423969596608947031e+06
-5.024119124386724085e+06
-4.423977818037518300e+06
-4.624035354761904106e+06
-4.624054522727272473e+06
-4.623983569264069200e+06
-4.624150501298701391e+06
-4.624056887445887551e+06
-4.423968487029637210e+06
-4.424013877006327733e+06
-4.423993694155843928e+06
-4.423999325974025764e+06
-4.423976286507936195e+06
-4.624049485714285634e+06
-4.424035478571428917e+06
-7.511939207142856903e+06
-4.424020211904762313e+06
-4.424061276190476492e+06
-4.423936316594516858e+06
-4.424004993362193927e+06
-4.424016062049061991e+06
-4.424005276190476492e+06
-4.424111713636362925e+06
-4.424010510317460634e+06
-4.423991355555555783e+06
-7.624003782539682463e+06
-4.424101092307692394e+06
-4.423982851298701949e+06
-7.524019766666665673e+06
-4.423988776423575357e+06
-4.423960066666667350e+06
-4.423995413275613450e+06
-7.511948669658119790e+06
-4.424016046969696879e+06
-4.424014805555555038e+06
-7.524007530769230798e+06
-4.424033411111110821e+06
-4.423978656854256988e+06
-4.423986230735930614e+06
-4.424005049999999814e+06
-4.423998404473303817e+06
-4.424120466666666791e+06
-4.424078151515151374e+06
-4.424033335714286193e+06
-4.423975340259740129e+06
-4.424005930952380411e+06
-4.424012264285714366e+06
-4.423969706476856023e+06
-4.423997158225107938e+06
-4.424008173015872017e+06
-4.423913728083027527e+06
-4.424129625396825373e+06
-3.686773889827765059e+06
-4.424018645526695065e+06
-4.424088668131867424e+06
-4.424121180952381343e+06
-4.424048590476190671e+06
-4.624051861183261499e+06
-4.424030953846154734e+06
-4.424035461616161279e+06
-4.424004453318903223e+06
-4.423992827078477480e+06
-4.423957299999999814e+06
-4.423986806132756174e+06
-4.423930073809524067e+06
-4.424020768614718691e+06
-4.424027343650793657e+06
-4.423917171933622099e+06
-4.424001068398268893e+06
-4.424011649350648746e+06
-4.424014750216450542e+06
-4.423972409307358786e+06
-4.624093056060605682e+06
-4.423991087518037297e+06
-4.624050821428570896e+06
-4.424067374358974397e+06
-4.424010262121211737e+06
-4.423870955555556342e+06
-4.424003214862914756e+06
-4.424034742857143283e+06
-4.423943019536019303e+06
-4.423898490476190113e+06
-4.423975633333333768e+06
-4.424005441486291587e+06
-4.423972114052614197e+06
-4.424039184343434870e+06
-4.624030076190476306e+06
-4.424024295454544947e+06
-4.423947439249639399e+06
-4.423928271212121472e+06
-4.423991976767676882e+06
-4.624143531601732597e+06
-4.424137546886446886e+06
-4.424013364285713993e+06
-4.424012303346653469e+06
-4.424093599783550017e+06
-4.423974991053391248e+06
-4.424038595454545692e+06
-4.424044416666666046e+06
-4.424026395238095894e+06
-4.424098595454545692e+06
-4.423938419047618285e+06
-4.423993425180374645e+06
-4.424010895238094963e+06
-4.423997823809524067e+06
-4.424002887301587500e+06
-4.424005052380952053e+06
-4.423924642857143655e+06
-4.424003216666666791e+06
-4.424056254545454867e+06
-4.624003688888888806e+06
-4.423965357142856345e+06
-4.424001679509379901e+06
-4.424061299999999814e+06
-4.423983054545454681e+06
-4.423996530303030275e+06
-4.424000355555554852e+06
-4.424010994444443844e+06
-4.424052080219780095e+06
-4.424021821428570896e+06
-4.424031164590964094e+06
-4.424041120512820780e+06
-4.424010902225552127e+06
-4.424094377777777612e+06
-4.423972614957264625e+06
-4.423936810101009905e+06
-4.423888072222222574e+06
-7.624005200000000186e+06
-4.424031557775557972e+06
-4.423988820695970207e+06
-4.424018285714285448e+06
-4.423920695104895160e+06
-4.424000073809523135e+06
-4.423978965656565502e+06
-4.424003228571428917e+06
-4.423981490476191044e+06
-4.424031456926407292e+06
-4.424036014285714366e+06
-4.423938133333333768e+06
-4.424003357359306887e+06
-4.423956907142857090e+06
-4.424047483333332464e+06
-4.423949226190475747e+06
-4.424020030158730224e+06
-4.424024198917748407e+06
-4.424012228571428917e+06
-4.424025133333333768e+06
-4.424123633333333768e+06
-1.962400282619047537e+07
-4.423918929148628376e+06
-4.423992579020978883e+06
-4.423989165800866671e+06
-4.423992544227994047e+06
-4.424022180952381343e+06
-4.424036464285714552e+06
-4.423973406060606241e+06
-4.424029359002108686e+06
-4.424010431773781776e+06
-4.423995688122988679e+06
-4.423924900000000373e+06
-4.423988298251749016e+06
-4.423974530375180766e+06
-4.424015851370851509e+06
-4.424000791919192299e+06
-4.424009429148629308e+06
-4.423945317460317165e+06
-4.424042388888888992e+06
-4.424024200216450728e+06
-7.511928323992674239e+06
-4.424051203846153803e+06
-4.423979927561327815e+06
-4.424110230952380225e+06
-4.424011117243867368e+06
-4.424005026190476492e+06
-4.423867205555556342e+06
-4.424013809523809701e+06
-4.423997695815296844e+06
-4.423924664285713807e+06
-4.424001911111110821e+06
-4.424017572727272287e+06
-4.423989193939393386e+06
-4.624063033333333209e+06
-4.423953199783550575e+06
-4.424002145238094963e+06
-4.623987599711399525e+06
-4.424026716666666791e+06
-4.423998711782662198e+06
-4.423979111111110076e+06
-4.424013796853146516e+06
-4.423935730952380225e+06
-4.424018902380952612e+06
-4.423861544949495234e+06
-4.424034400000000373e+06
-4.424016546031745151e+06
-4.423910596703296527e+06
-4.624019943623043597e+06
-4.423901105555555783e+06
-4.423984546031746082e+06
-4.423954166666666046e+06
-4.424005875396825373e+06
-4.424030423687422648e+06
-4.423952606060606427e+06
-4.424033966666666791e+06
-4.424013541441891342e+06
-4.424116289743590169e+06
-4.424033157142857090e+06
-4.423991166666666046e+06
-4.424005679509379901e+06
-4.423990699350649491e+06
-4.424004014285714366e+06
-4.423973204761905596e+06
-4.424024304473304190e+06
-4.424001909307359718e+06
-4.424106401731601916e+06
-4.423989327777777798e+06
-4.424073156854256056e+06
-4.424032280158730224e+06
-4.424020103030303493e+06
-4.423935840476190671e+06
-4.423996153174603358e+06
-4.423998635520035401e+06
-4.424042547619046643e+06
-4.423995980724831112e+06
-3.117219292001649272e+06
-4.423982865656565875e+06
-4.624080633333332837e+06
-4.424015491758242249e+06
-4.424007805772005580e+06
-4.423960028354978189e+06
-4.424025919719169848e+06
-4.423917233333333395e+06
-4.424010823809524067e+06
-4.423918048917748965e+06
-4.424002677922077477e+06
-4.624042062914863229e+06
-4.424016340476190671e+06
-4.423987799999999814e+06
-4.423965010317460634e+06
-4.423919808730158024e+06
-4.423980867982017808e+06
-4.423991315151515417e+06
-4.424046129137529060e+06
-4.423963907303808257e+06
-4.423880008974358439e+06
-4.424014528571428731e+06
-4.423944006926407106e+06
-4.424037978571428917e+06
-4.423967080830281600e+06
-4.424019043795093894e+06
-4.623965404761904851e+06
-4.423909223931623623e+06
-4.423908095815296285e+06
-4.424045467948717996e+06
-4.424002164951714687e+06
-4.424004811904761940e+06
-4.424016088600289077e+06
-4.424107790259739384e+06
-4.424048831684981473e+06
-4.424041833333333954e+06
-4.424024704761905596e+06
-4.424064314529914409e+06
-4.423997927922078408e+06
-4.424044216666666791e+06
-4.423969367982017808e+06
-4.424008752380952239e+06
-4.423922281618380919e+06
-4.424070746969697066e+06
-4.423929661904761568e+06
-4.423930204761905596e+06
-4.423998905439005233e+06
-4.424007616971917450e+06
-4.424009724603174254e+06
-4.424041669047619216e+06
-4.424109839160839096e+06
-4.423935019047618844e+06
-4.624184185714284889e+06
-4.423975597619047388e+06
-4.424000299999999814e+06
-4.423951856410256587e+06
-4.423930757142856717e+06
-4.423991284848485142e+06
-4.423957518831169233e+06
-4.423898072943722829e+06
-4.424020028571428731e+06
-4.423930862687312067e+06
-4.423994986507936381e+06
-7.524023028571428731e+06
-4.423999163636363111e+06
-4.423960877777777612e+06
-4.424017367460316978e+06
-4.424011249267399311e+06
-4.424023815873016603e+06
-4.424119670085470192e+06
-4.423999927777777426e+06
-4.423863063336663879e+06
-4.424104916666666046e+06
-4.423938428787878715e+06
-4.423985976767676882e+06
-4.423975289393939078e+06
-4.424099333333333023e+06
-4.424003920129870065e+06
-4.423984730735930614e+06
-4.423971368398268707e+06
-4.424100966666666791e+06
-4.424111703318903223e+06
-4.423939298412697390e+06
-4.424033438888888806e+06
-4.424122775108224712e+06
-4.424017818398268893e+06
-4.423959621428571641e+06
-4.424016252380952239e+06
-4.424030676984126680e+06
-4.424043416378065944e+06
-4.423949236291485839e+06
-4.423980635497836396e+06
-4.424016830303030089e+06
-4.423990835714286193e+06
-4.424005133333332837e+06
-4.624027345021644607e+06
-4.424033471095571294e+06
-4.423959988095237873e+06
-4.423945423593074083e+06
-4.423981733982684091e+06
-4.424024930735930800e+06
-4.424033577489177696e+06
-4.424035672727272846e+06
-4.423973212698413059e+06
-4.424022054761905223e+06
-4.423993907142857090e+06
-4.624063844155844301e+06
-4.624031628571428359e+06
-4.424023358225108124e+06
-4.423978633333333768e+06
-4.423908276190476492e+06
-4.423955208730158396e+06
-4.423999731818182394e+06
-4.423989796336996369e+06
-4.424013299999999814e+06
-4.424037501465201378e+06
-4.423988932756133378e+06
-4.424040633333333768e+06
-4.424107276456875727e+06
-4.423986261172161438e+06
-4.423998692857142538e+06
-4.424100350505050272e+06
-4.424056152947053313e+06
-4.423976433333332650e+06
-4.423979501315351576e+06
-4.424108891042291187e+06
-4.423959479148629121e+06
-4.424033799999999814e+06
-4.424007296853146516e+06
-4.423889962759463117e+06
-4.424000354112553410e+06
-4.424088222222222015e+06
-4.624051700000000186e+06
-4.423996391269841231e+06
-4.424030896825397387e+06
-4.423973565367965028e+06
-4.423990004545454867e+06
-4.423952079942280427e+06
-4.423951978571427986e+06
-4.423998605555554852e+06
-4.423874911904761568e+06
-4.424000141403040849e+06
-4.423946277078476734e+06
-4.423987946003996767e+06
-4.424016146536796354e+06
-4.424014022027972154e+06
-4.423877954761904664e+06
-4.424058520634921268e+06
-4.424003252380953170e+06
-4.424002657142857090e+06
-4.424046391774890944e+06
-4.424049156854256056e+06
-4.624032811111111194e+06
-4.424007827777777798e+06
-4.423869248412698507e+06
-4.423916966666666791e+06
-4.424039188888888806e+06
-4.424007506132756360e+06
-4.423978082051282749e+06
-4.424022059523809701e+06
-4.423989831746031530e+06
-4.424063666666666046e+06
-4.423949838095238432e+06
-4.424004134920635261e+06
-4.423735678321679123e+06
-4.424009699711400084e+06
-4.423917274386724457e+06
-4.423953976190475747e+06
-4.423945984848484397e+06
-4.424019945221444592e+06
-4.424007583716283552e+06
-4.423988312626263127e+06
-4.424015280952380970e+06
-4.423952374847374856e+06
-4.424008939743589610e+06
-4.423980561904761940e+06
-4.424021516666667536e+06
-4.424006204761904664e+06
-4.423967502380953170e+06
-4.423979663275613450e+06
-4.424129380086580291e+06
-4.423951371645022184e+06
-4.423972456915306859e+06
-4.423999133333333768e+06
-4.423979234648684040e+06
-4.423925692640692927e+06
-4.424002669047618285e+06
-4.423863996886447072e+06
-4.423957099999999627e+06
-4.424055143073593266e+06
-4.423949156016206369e+06
-4.423635133333332837e+06
-4.424038895238095894e+06
-4.423896172222221270e+06
-4.624071645804194734e+06
-4.423987683694084175e+06
-4.423994403535353020e+06
-2.016125748178904410e+06
-4.423920196825397201e+06
-4.424011799999999814e+06
-4.424006431746031158e+06
-4.424011984126984142e+06
-4.423998335714286193e+06
-4.424057369696969166e+06
-4.424069486280386336e+06
-4.624018721212120727e+06
-4.424056570085469633e+06
-4.423981116233766079e+06
-4.424049059906760231e+06
-4.423989580303030089e+06
-4.423909894444445148e+06
-4.424063758974358439e+06
-4.424042423809523694e+06
-4.423930542424242012e+06
-4.424046633333333768e+06
-4.424040370512819849e+06
-4.423779191053391434e+06
-4.424004701648351736e+06
-4.423945259451659396e+06
-4.424017407142857090e+06
-4.423957117982017808e+06
-4.424013347619047388e+06
-4.424081458974359557e+06
-4.424005016788766719e+06
-4.624139323520923033e+06
-4.424052575091575272e+06
-4.424004478571427986e+06
-4.824069981529581361e+06
-4.423994355555555783e+06
-4.424009823809524067e+06
-4.424028895437895320e+06
-4.623981295238095336e+06
-4.423996095454545692e+06
-4.624084309523809701e+06
-4.424003395238094963e+06
-4.424087785714285448e+06
-4.424029204761905596e+06
-4.423969676984126680e+06
-4.424004430952380411e+06
-4.424074839682539925e+06
-4.424015295543345623e+06
-4.424048775324674323e+06
-4.424093758974359371e+06
-4.424018808397158049e+06
-4.624040578787879087e+06
-4.423966228571427986e+06
-4.623957419047618285e+06
-4.423864151315351948e+06
-4.824066343956043944e+06
-4.624028325180375017e+06
-4.424009834632034414e+06
-4.424003530158730224e+06
-4.424043525108224712e+06
-4.424002461355311796e+06
-4.424002010317459702e+06
-4.624029922799422406e+06
-7.624005099999999627e+06
-4.424038949450549670e+06
-4.423863116233766079e+06
-4.424016492424243130e+06
-4.624025509523809887e+06
-4.423998022222222760e+06
-4.423942511904762127e+06
-4.424088930952380411e+06
-4.623942250000000000e+06
-4.423907276190476492e+06
-4.424009770418470725e+06
-4.423945337878787890e+06
-4.424006732323232107e+06
-4.424012397619048133e+06
-1.971193829451659322e+07
-4.423967929148629308e+06
-4.424050114285713993e+06
-4.423998680952381343e+06
-4.423979508957708254e+06
-4.423962661111110821e+06
-4.423991542063492350e+06
-4.424009404112553224e+06
-4.424023027472527698e+06
-4.424028900488400832e+06
-4.424006128382728435e+06
-4.424001460916860960e+06
-4.423915135930735618e+06
-4.424038802075701766e+06
-4.424050922494172119e+06
-4.423882227838827297e+06
-4.423945046608946286e+06
-4.423943752164502628e+06
-4.423999609523809515e+06
-4.424017759307359345e+06
-4.624061938095238060e+06
-4.624007338461538777e+06
-4.424010871428571641e+06
-4.623987638672439381e+06
-4.423950604029304348e+06
-4.424017657142857090e+06
-4.424008776190476492e+06
-4.424016958730159327e+06
-4.624053462121211924e+06
-4.623991541791541502e+06
-4.423983196825397201e+06
-4.423947212975913659e+06
-4.423980975124875084e+06
-4.424042074603174813e+06
-4.424002143434343860e+06
-4.423964752597402781e+06
-4.624038676190476865e+06
-4.624130569047619589e+06
-4.423948758974359371e+06
-4.424052381673881784e+06
-4.423997903030302376e+06
-4.424002073809524067e+06
-4.424037504184703343e+06
-4.423976597619047388e+06
-4.423960082323232666e+06
-4.423985445021645166e+06
-4.424026401831502095e+06
-4.423922729365078732e+06
-4.424024087445886806e+06
-4.623911073593074456e+06
-4.424042057020756416e+06
-5.024089979886779562e+06
-7.711950451948051341e+06
-4.423991556132756174e+06
-4.423998264285714366e+06
-4.423989597619047388e+06
-4.424016908730158582e+06
-4.424064975541125052e+06
-4.423930554184704088e+06
-4.423973752380952239e+06
-4.423975622527472675e+06
-4.423951263003663160e+06
-4.424041163636363111e+06
-4.424061466666666791e+06
-4.424008869624819607e+06
-4.423983237029636279e+06
-4.424001084981685504e+06
-4.623956484648684040e+06
-4.424056368498168886e+06
-4.624025166666666046e+06
-4.423995538095237687e+06
-4.624064166666666977e+06
-4.423877795815295540e+06
-4.423990691774891689e+06
-4.423997095454545692e+06
-4.623993472222222015e+06
-4.624081011111111380e+06
-4.423972305328005925e+06
-4.424083871794871986e+06
-4.423996186363636516e+06
-4.624013285464535467e+06
-4.424003438888888806e+06
-4.423927220634920523e+06
-4.423971339898989536e+06
-4.424035302886003628e+06
-4.824051477777777240e+06
-4.624023682323232293e+06
-4.424001606493506581e+06
-4.423811033405483700e+06
-4.624031926190475933e+06
-4.423997522222222760e+06
-4.423933384221334010e+06
-4.423957309090908617e+06
-4.424010957142856903e+06
-4.624075954545455053e+06
-4.424095923809523694e+06
-4.423993227705627680e+06
-4.423952216666666791e+06
-4.423980909523809329e+06
-4.423934477489177138e+06
-4.424055533333333209e+06
-4.423992979853480123e+06
-7.524009590109890327e+06
-4.624031830952381715e+06
-4.423990966666666791e+06
-4.424079066333666444e+06
-4.424012650000000373e+06
-4.423997643894994631e+06
-4.423991406060605310e+06
-4.624055430952380411e+06
-4.423901790476189926e+06
-4.424035299999999814e+06
-4.424066169047618285e+06
-4.423977514285714366e+06
-4.423891038095237687e+06
-4.424005130219779909e+06
-4.423991799999999814e+06
-4.423998522222222760e+06
-4.424000225541125052e+06
-4.423978891791542061e+06
-4.423911478571427986e+06
-7.711936904761904851e+06
-4.423920716666666791e+06
-4.424085450793650933e+06
-4.623943529365079477e+06
-4.423910716666666791e+06
-4.423988609523809515e+06
-4.423932386291487142e+06
-4.624025342857142910e+06
-4.423964069841269404e+06
-5.024104967982018366e+06
-4.624016438888888806e+06
-4.423996292063491419e+06
-4.624019522222221829e+06
-4.624079606060606427e+06
-4.423998466666666791e+06
-4.424016804761904292e+06
-4.424004621428571641e+06
-4.624015161111110821e+06
-4.424015926984126680e+06
-4.423910792857142165e+06
-4.624022402380952612e+06
-4.423982337012987584e+06
-7.512005009090909734e+06
-4.624031908730158582e+06
-4.424031621428571641e+06
-4.624057216666666791e+06
-4.423931748412698507e+06
-4.423991001037850976e+06
-4.424004192857143469e+06
-4.423929561904761940e+06
-4.423995060101010837e+06
-4.424006184615384787e+06
-4.624025207070706412e+06
-4.424015630303030834e+06
-4.423970098629148677e+06
-4.423974834126984701e+06
-4.423938810533910990e+06
-4.423975605860806070e+06
-4.424011972438672557e+06
-4.423992984920634888e+06
-4.423996776190476492e+06
-4.424005470113219693e+06
-4.424006163736263290e+06
-4.424094022222222760e+06
-4.423913175624376163e+06
-4.423898784648684785e+06
-4.423994954761904664e+06
-4.624049633333332837e+06
-4.423968012698412873e+06
-4.424033467948717996e+06
-4.424019763369963504e+06
-4.423964087878787890e+06
-4.424088685714285821e+06
-4.624035811111111194e+06
-4.423923302597402595e+06
-4.423938133333333768e+06
-4.623980117460316978e+06
-4.424007097097346559e+06
-4.423943000000000000e+06
-4.424025966666666791e+06
-4.424003810101010837e+06
-4.423912489194138907e+06
-4.824087677777778357e+06
-4.424025383105782792e+06
-4.424059356410256587e+06
-4.624048533333333209e+06
-4.424009093650793657e+06
-4.623974926190475933e+06
-4.423975716666666791e+06
-4.424035527489177883e+06
-4.424015657997557893e+06
-4.424029669047618285e+06
-4.424012990675991401e+06
-4.623931005555556156e+06
-4.824068030952380970e+06
-4.424065799999999814e+06
-4.424010516450216994e+06
-7.511943627777777612e+06
-4.424048799999999814e+06
-4.423937097619047388e+06
-4.424024215750915930e+06
-4.424000093650793657e+06
-4.423937540259740315e+06
-4.423993223160173744e+06
-4.423914966666666791e+06
-4.424026785714285448e+06
-4.423991389466090128e+06
-4.824089271428572014e+06
-7.511945726262626238e+06
-4.423974776767676696e+06
-1.952400220072704926e+07
-4.423977621428571641e+06
-4.424008371428570710e+06
-4.424029058974358253e+06
-4.624150866666666232e+06
-4.424011278354978189e+06
-4.423999883694083430e+06
-4.424008242640691809e+06
-4.424009662914862856e+06
-4.424003494444444776e+06
-4.824083259307359345e+06
-4.424003799999999814e+06
-4.424052011111111380e+06
-4.624048224242424592e+06
-4.824078180158729665e+06
-4.423992651010101661e+06
-4.423983306854257360e+06
-3.117363719506684225e+06
-4.424031111688311212e+06
-4.423959302597402595e+06
-4.423934825974025764e+06
-4.423920072727272287e+06
-4.423956604029303417e+06
-4.423992859523808584e+06
-4.423951457808857784e+06
-4.423971460028859787e+06
-4.624034847041847184e+06
-4.624069076767676510e+06
-4.623986068398267962e+06
-4.423989719552669674e+06
-4.824073987878787331e+06
-4.424016559218559414e+06
-4.424005848473748192e+06
-4.624079645454545505e+06
-4.624024166810966097e+06
-4.824106266883117147e+06
-4.423975009451659396e+06
-4.423989126118326560e+06
-4.624057704761904664e+06
-4.423979382251081988e+06
-4.424103867821068503e+06
-4.624053283549783751e+06
-4.424014062121211551e+06
-4.423987442857143469e+06
-4.423979512121212669e+06
-4.424106636796536855e+06
-4.424059883333333768e+06
-4.424069799999999814e+06
-4.423946955283605494e+06
-4.624027069769119844e+06
-4.423961433333332650e+06
-4.624024727777777240e+06
-4.424020133333333768e+06
-4.424037627838827670e+06
-4.624028337229437195e+06
-4.423806692307692952e+06
-4.624041422222221270e+06
-4.623874103968253359e+06
-4.423993633333332837e+06
-4.424005187445887364e+06
-4.423971023076923564e+06
-4.423981323970473371e+06
-4.624004251587301493e+06
-4.824087495238095522e+06
-4.423997847280496731e+06
-4.423987442857143469e+06
-4.824074251587301493e+06
-4.624081742857143283e+06
-4.423914318037518300e+06
-4.624104045454544947e+06
-4.424022358608058654e+06
-4.424017970013319515e+06
-4.424034356376956217e+06
-4.824122533333333209e+06
-4.423987363436562940e+06
-4.423961867982017808e+06
-4.423973948989898898e+06
-4.424001633333333768e+06
-4.423991528354978189e+06
-4.423994466666666791e+06
-7.524006099999999627e+06
-4.623969590764790773e+06
-4.424060739393940195e+06
-4.624046119047619402e+06
-4.424110002380952239e+06
-4.624087680219779722e+06
-4.423965208891109563e+06
-4.623958254545454867e+06
-4.424006554789654911e+06
-4.424034105555555783e+06
-4.424000763275614008e+06
-4.424027787179486826e+06
-4.424024915873015299e+06
-4.424006358608058654e+06
-4.624051985714285634e+06
-4.424027560101009905e+06
-4.424007835714286193e+06
-4.423917426973027177e+06
-4.624056987362636253e+06
-4.423996121428570710e+06
-4.424012572727272287e+06
-4.423961251709401608e+06
-4.424000411111110821e+06
-4.624053458974359557e+06
-4.423973135497835465e+06
-4.624028145021645352e+06
-4.424002371428571641e+06
-4.423988722011322156e+06
-4.423966307375957258e+06
-4.423958857720057480e+06
-4.423975752597402781e+06
-4.424000930952380411e+06
-4.423963234704184346e+06
-4.424094678787877783e+06
-4.424060081585081294e+06
-4.423954585081584752e+06
-4.824062459523810074e+06
-4.423974784648684785e+06
-7.511920833766234107e+06
-4.423937839393938892e+06
-4.423898634404485114e+06
-4.423992462698413059e+06
-7.511943234920635819e+06
-4.424031934632034972e+06
-4.423993149783549830e+06
-4.823964898412698880e+06
-4.423972810101009905e+06
-4.423984824747474864e+06
-4.424073754112553783e+06
-4.624058594588744454e+06
-4.423885465873016044e+06
-4.424038990476190113e+06
-4.424003832567432895e+06
-7.711923671428571455e+06
-4.423970173537573777e+06
-4.423928911111110821e+06
-4.624026717676768079e+06
-4.424024838095238432e+06
-4.423997773076922633e+06
-4.423951538095237687e+06
-4.424042085714286193e+06
-4.424020220013319515e+06
-4.424030853968253359e+06
-4.424078445454545319e+06
-4.423920871428571641e+06
-4.424012704761904664e+06
-4.424010597619047388e+06
-4.624049666666666046e+06
-4.424038451515151188e+06
-4.624041901370851323e+06
-4.424004514285714366e+06
-4.824094771428572014e+06
-4.424032145238095894e+06
-4.424020989033188671e+06
-4.623978204761905596e+06
-4.423986465079365298e+06
-4.624033006926407106e+06
-4.424042581168831326e+06
-4.424000299999999814e+06
-4.424080911111110821e+06
-4.423948462698413059e+06
-4.424005087878787890e+06
-7.624017604761904106e+06
-4.423957454761904664e+06
-4.423988325613276102e+06
-4.423953404245754704e+06
-4.423829340476190671e+06
-4.423917570779221132e+06
-7.623993707142856903e+06
-4.423917142857142724e+06
-4.424001490476190113e+06
-4.623993952380952425e+06
-4.423981728282827884e+06
-1.951194452857142687e+07
-4.423994306132756174e+06
-4.423949429148629308e+06
-4.624091755555556156e+06
-7.523991576190476306e+06
-4.423963330103230663e+06
-4.623998533838383853e+06
-4.624059666666666977e+06
-4.624026070707070641e+06
-4.423986498412697576e+06
-7.512008845238095149e+06
-4.423990815873016603e+06
-4.424051466666666791e+06
-4.423982857720057480e+06
-4.824062677777777426e+06
-7.512001004761904478e+06
-4.624008170940170065e+06
-4.423787859523808584e+06
-4.423937047619046643e+06
-4.424012361904761754e+06
-4.623939075396825559e+06
-4.624032126406926662e+06
-4.624002723809523508e+06
-4.423995756060605869e+06
-4.423980222799422219e+06
-4.423984845454545692e+06
-4.424033454761905596e+06
-4.423919033333333209e+06
-4.423978614951714873e+06
-4.623966992857142352e+06
-4.423990639826839790e+06
-4.424017990476191044e+06
-4.624061356043955311e+06
-4.424006086174936965e+06
-4.423964882051282562e+06
-4.423973053968253545e+06
-4.423922611111110076e+06
-4.624047475091574714e+06
-4.824066697619047947e+06
-4.424013927922078408e+06
-4.424017682234431617e+06
-4.424018329870129935e+06
-4.423838597619047388e+06
-4.424055378787877969e+06
-4.423993680952381343e+06
-4.423902551282051951e+06
-3.686516886904761661e+06
-4.423954104906205088e+06
-4.424063209090908989e+06
-4.424021180952380411e+06
-4.623992406926406547e+06
-4.624048957142856903e+06
-4.423973587012986653e+06
-7.511967202813851647e+06
-4.423988137301587500e+06
-4.423989911965811625e+06
-4.424030427922078408e+06
-4.824002255555555224e+06
-4.423922447330446914e+06
-4.424051906060606241e+06
-4.423996641269842163e+06
-4.424020371428571641e+06
-4.424022633333333768e+06
-4.424024152947053313e+06
-4.424089823809524067e+06
-4.424016438888888806e+06
-4.423958946320346557e+06
-4.423908406060605310e+06
-4.423988292784992605e+06
-7.524039081818181090e+06
-4.424014990476190113e+06
-4.423939526190476492e+06
-4.624033246608946472e+06
-4.424014087301587686e+06
-4.423959133116884157e+06
-4.424023854978354648e+06
-4.423993583910534158e+06
-4.424087193939393386e+06
-7.524033651587301865e+06
-4.423985960894661024e+06
-4.623998126984127797e+06
-4.624020480158729479e+06
-4.424024514485514723e+06
-4.424027209523810074e+06
-4.424078680952381343e+06
-7.623998623809523880e+06
-4.424001399062049575e+06
-4.824077350216450170e+06
-4.424068010101011023e+06
-4.424031284126983956e+06
-7.512000927056277171e+06
-4.623856030952380970e+06
-7.511941086580087431e+06
-4.423970972799422219e+06
-4.424012443073593080e+06
-4.624028099206348881e+06
-4.624025185930736363e+06
-4.423908530952380970e+06
-7.824009424242424779e+06
-4.423993109523809515e+06
-4.623985495454545133e+06
-4.424013004761904478e+06
-4.624006608730157837e+06
-4.424039054168054834e+06
-4.424016007170607336e+06
-4.824079153968254104e+06
-4.423992208730158396e+06
-4.624008505555556156e+06
-4.624041008080808446e+06
-4.424019815007215366e+06
-4.424017730735930614e+06
-4.424113157142857090e+06
-4.424128395238095894e+06
-4.424014728571427986e+06
-4.624029061111110263e+06
-4.824121322710623033e+06
-4.423959564285714179e+06
-4.624041373015873134e+06
-4.623884787301586941e+06
-4.424091272222222760e+06
-4.423849972799422219e+06
-4.824064107142857276e+06
-4.623991383538683876e+06
-4.423981810101009905e+06
-4.423970445238095708e+06
-4.824094964285714552e+06
-4.423970112210012041e+06
-4.423926507142856717e+06
-4.624017549206349067e+06
-4.624027650577200577e+06
-4.623922141414141282e+06
-4.423915750000000000e+06
-4.424018226190475747e+06
-4.624059497458097525e+06
-4.424017085714286193e+06
-4.624126539393940009e+06
-4.423987645815296099e+06
-4.624026159396159463e+06
-4.424009457142857835e+06
-4.624054489898988977e+06
-4.424011849422799423e+06
-4.424109475457875058e+06
-4.423979653174603358e+06
-4.623958423504273407e+06
-4.424018774386724457e+06
-4.423978588095238432e+06
-4.424007102047951892e+06
-4.624061883333333768e+06
-4.424120180952380411e+06
-4.624084266666666605e+06
-4.423995061904761940e+06
-4.824084497619046830e+06
-1.962400256031746045e+07
-4.624013659396159463e+06
-4.624055738095237873e+06
-4.624098933333332650e+06
-4.624062866666667163e+06
-3.168680100133993197e+06
-4.423992542063491419e+06
-4.424018023076923564e+06
-4.424009149783549830e+06
-4.424009609523809515e+06
-4.424041400388500653e+06
-4.423982966666666791e+06
-4.423957734648684040e+06
-4.424022642857142724e+06
-4.624108366666666232e+06
-4.423919272222222760e+06
-4.423866151831502095e+06
-4.423970125974025577e+06
-4.424041738644688390e+06
-4.624023783333333209e+06
-4.424030212121211924e+06
-4.423887879093129188e+06
-4.423978990997890942e+06
-4.824115104761904106e+06
-4.424001089682539925e+06
-4.624046927472527139e+06
-4.424056589393938892e+06
-4.624044390476190485e+06
-4.424025133333333768e+06
-4.424070237362637185e+06
-4.424014188311687671e+06
-4.423885130303030834e+06
-4.424015299999999814e+06
-5.024128209523809142e+06
-3.117231446160981897e+06
-4.624006944444444031e+06
-4.424018051282051019e+06
-4.624053508730159141e+06
-4.423852363131312653e+06
-4.624070287878788076e+06
-7.524003750793652609e+06
-4.623986229509379715e+06
-4.624125777777777985e+06
-4.424008801587301306e+06
-4.424031738095237873e+06
-4.623987686568986624e+06
-4.423953352380952798e+06
-4.624016456926407292e+06
-4.424020620512820780e+06
-4.423957675457875244e+06
-4.424017477489178069e+06
-4.423983054184704088e+06
-4.424027080303030089e+06
-7.512008929292929359e+06
-4.424072540259740315e+06
-4.423977340259740129e+06
-4.423989966666666791e+06
-4.424008333910534158e+06
-4.423939506132756360e+06
-4.624099850815851241e+06
-4.423994855328005739e+06
-4.424000764285714366e+06
-4.424050592207792215e+06
-4.424040712121211924e+06
-4.423895299999999814e+06
-4.423999002380953170e+06
-4.624059961355311796e+06
-4.424102383333332837e+06
-4.424026699711399153e+06
-7.624033335897436365e+06
-4.823994964285714552e+06
-4.423995994444443844e+06
-4.423956579365080222e+06
-4.424011463297813199e+06
-4.423956722222222015e+06
-4.624040785714285448e+06
-4.624058394660894759e+06
-4.824080938766788691e+06
-4.624033981746030971e+06
-4.424026031746031716e+06
-4.423942381529581733e+06
-4.424004430952381343e+06
-4.423958873593073338e+06
-4.424082966666666791e+06
-4.424002322727272287e+06
-4.423979222222222015e+06
-4.624045190476190299e+06
-7.623996078504828736e+06
-4.824154833333333023e+06
-4.423886871428571641e+06
-4.824096887362636626e+06
-4.624061279509379528e+06
-4.423899756709957495e+06
-4.424059557020756416e+06
-1.982400393730158731e+07
-4.424016297619047575e+06
-4.423991549999999814e+06
-4.624012514013764448e+06
-4.424027592207792215e+06
-4.423921618253968656e+06
-4.424035049999999814e+06
-4.423979799999999814e+06
-4.624068704761904664e+06
-4.423972421428571455e+06
-4.423917209190810099e+06
-4.424062966666666791e+06
-4.424006675641025417e+06
-7.623996135714285076e+06
-4.624074599999999627e+06
-4.624013658730158582e+06
-4.424082456565656699e+06
-4.424044945604395121e+06
-4.424019863492063247e+06
-4.424000092568541877e+06
-4.424031807936508209e+06
-4.624063694444444962e+06
-4.424006988311687484e+06
-4.423941429509379901e+06
-4.424043742857143283e+06
-7.824001655555555597e+06
-4.424031587878787890e+06
-4.623981075396825559e+06
-4.624059204761904664e+06
-4.824027188888888806e+06
-4.424015966666666791e+06
-4.424079167965368368e+06
-4.423978056132756174e+06
-4.423979935497836210e+06
-4.423872212698413059e+06
-4.424005654617604800e+06
-4.423992661111110821e+06
-1.982400300945166126e+07
-4.423969137462536804e+06
-1.962398141263181344e+07
-4.624039449494949542e+06
-4.623964653174603358e+06
-7.512009165945164859e+06
-4.423880855555555783e+06
-7.624002211111111566e+06
-4.624049253968253732e+06
-4.424011271139970981e+06
-4.424100966666666791e+06
-4.423990984704185277e+06
-4.624114174747475423e+06
-4.624033108730157837e+06
-4.424014325974026695e+06
-4.424089677777777426e+06
-4.424017609523809515e+06
-4.424002262121212669e+06
-4.423937812426462770e+06
-4.424093406227106228e+06
-4.624056517460317351e+06
-4.424000133333333768e+06
-4.824041606926406734e+06
-4.624044700000000186e+06
-4.423911952597402968e+06
-4.624014351315351203e+06
-4.424030415873015299e+06
-4.423999842735042796e+06
-4.424002823520923033e+06
-4.424024466666666791e+06
-4.424103590675991029e+06
-4.424021897863248363e+06
-4.424113873593074270e+06
-4.424074075757576153e+06
-4.424022640692641027e+06
-4.424131587445886806e+06
-4.424033355555554852e+06
-4.624066555266955867e+06
-4.423886993101343513e+06
-4.424016119624819607e+06
-4.624031847402596846e+06
-4.624109674747475423e+06
-4.424027870906870812e+06
-4.424001543406592682e+06
-4.824082653968254104e+06
-4.824037474725274369e+06
-4.423912914529914036e+06
-4.424018502453101799e+06
-4.424023514285715297e+06
-4.423903367982017808e+06
-4.424026045454544947e+06
-4.423969159307358786e+06
-4.423940538095237687e+06
-4.423977312481963076e+06
-4.624024717676768079e+06
-4.424017865079364739e+06
-4.624078987878788263e+06
-4.423996670851370320e+06
-4.424001901831502095e+06
-4.624079060606060550e+06
-4.424030856410256587e+06
-7.511994687301586382e+06
-4.624143877922078595e+06
-4.423986319552669302e+06
-4.424033903174603358e+06
-4.424005538095237687e+06
-4.424019811904761940e+06
-4.424025716666666791e+06
-4.424009549999999814e+06
-7.711944140404039994e+06
-4.624041629365079105e+06
-4.423970996320346370e+06
-4.424087692207792774e+06
-7.512002821500721388e+06
-4.423970694227994420e+06
-4.623987807142857462e+06
-4.424020552625152282e+06
-4.423964208730159327e+06
-7.524009244444444776e+06
-4.624135153846153989e+06
-4.824112000000000000e+06
-4.423973429148629308e+06
-4.423964049999999814e+06
-4.623991323537574150e+06
-4.624040690476191230e+06
-7.511945188888887875e+06
-4.423983740476190113e+06
-4.624112336507936940e+06
-4.624097761904762127e+06
-4.423950822527472861e+06
-4.423993464862914756e+06
-4.424020288095237687e+06
-4.423995379365079105e+06
-4.424027608180708252e+06
-4.424011871428571641e+06
-4.824081162481962703e+06
-4.824097905250305310e+06
-4.424066022222222760e+06
-4.423997069841270335e+06
-4.624138833333333954e+06
-7.624004266666667536e+06
-4.424005833333333954e+06
-4.424023433333333582e+06
-4.623962568253967911e+06
-4.424092953318903223e+06
-4.424013391269842163e+06
-4.424007419047619216e+06
-4.424006835714286193e+06
-4.623995972222222015e+06
-4.424010689776889980e+06
-4.824096131773781963e+06
-4.424053163636364043e+06
-4.424018453846154734e+06
-4.423992540259740315e+06
-4.624100716666666791e+06
-4.624123505555555224e+06
-4.624024254545454867e+06
-4.623987866666666232e+06
-4.624025746608946472e+06
-4.423992780158730224e+06
-4.624040538550338708e+06
-4.624020606926406734e+06
-4.423982376640027389e+06
-3.545856052721088286e+06
-4.624015782994782552e+06
-4.423861360894660465e+06
-4.824097523809524253e+06
-4.423986585930736735e+06
-4.423967751098901033e+06
-4.624044064862914383e+06
-4.624028338888889179e+06
-4.423999004545453936e+06
-4.624097939743589610e+06
-4.423960090259740129e+06
-4.624049372727273032e+06
-4.423910114285713993e+06
-4.624063416666666977e+06
-4.424008470634920523e+06
-4.423963034704184160e+06
-4.423998831746032462e+06
-4.424005297619047575e+06
-4.824090750000000000e+06
-4.824066195815296844e+06
-4.624016966883117333e+06
-4.424021521212121472e+06
-4.424002364213564433e+06
-4.424020565584415570e+06
-4.624133347619047388e+06
-4.423908740476190113e+06
-4.424115466666666791e+06
-4.624070349999999627e+06
-4.424012659523809329e+06
-4.623912719291819260e+06
-4.424009883333333768e+06
-4.424014942857143469e+06
-4.424017486507936381e+06
-4.424003256349205971e+06
-4.423994188888888806e+06
-4.624039000000000000e+06
-4.624021464285714552e+06
-4.423972572727272287e+06
-7.624018450000000186e+06
-4.624052439393939450e+06
-4.423927581746032462e+06
-4.424077323809524067e+06
-4.624030426190475933e+06
-4.424020038095237687e+06
-4.624036501587301493e+06
-4.423831957603507675e+06
-4.624071464285714552e+06
-4.424011442857142538e+06
-4.624021908730158582e+06
-4.424012899206349626e+06
-4.824116623809523880e+06
-4.624036211904762313e+06
-4.624052715873016044e+06
-4.624088690476190299e+06
-4.424055598901098594e+06
-4.624032898412698880e+06
-4.424023265567765571e+06
-5.224186509523809887e+06
-4.423940962698413059e+06
-4.423932698351648636e+06
-4.623926950000000186e+06
-4.423991180952380411e+06
-4.624084654545454308e+06
-4.424026129365079105e+06
-4.424015107720057480e+06
-4.423998966666666791e+06
-4.424033133333332837e+06
-4.423935282267732546e+06
-4.423876122222222388e+06
-4.423916428815628402e+06
-4.824052702597402036e+06
-4.424042087878787890e+06
-4.824171344444444403e+06
-4.423976118037518114e+06
-4.423747857142857276e+06
-4.423974120512819849e+06
-4.423979966666666791e+06
-4.424010864069264382e+06
-4.424009016666666605e+06
-4.624033710101010278e+06
-4.423999407142857090e+06
-4.623969857142857276e+06
-4.423913438961039297e+06
-4.424002549999999814e+06
-4.824075539466089569e+06
-4.623941842568542808e+06
-4.424014430086580105e+06
-4.424039718131868169e+06
-4.423984006060605869e+06
-4.423949495221445337e+06
-4.423998453679652885e+06
-4.624020735714284703e+06
-4.424125959523809142e+06
-4.424118216666666791e+06
-4.424003216666666791e+06
-4.624021580952381715e+06
-4.423978746986347251e+06
-4.423995035558884963e+06
-4.423883113708512858e+06
-4.624160713636362925e+06
-4.624055263275613077e+06
-4.624035059523809701e+06
-4.424046196969697252e+06
-4.824071760606060736e+06
-4.423971910439560190e+06
-4.423993191941391677e+06
-4.623914095815295354e+06
-4.423928915079364553e+06
-4.624039676190475933e+06
-4.624061799999999814e+06
-4.424006573809524067e+06
-4.423961876984126866e+06
-3.686552274470899254e+06
-4.624060416666666977e+06
-4.424039898001997732e+06
-4.824069945815296844e+06
-4.424025889960040338e+06
-4.423860711505161598e+06
-4.424034662393162027e+06
-4.423959208730158396e+06
-4.424041296031746082e+06
-4.424011984848485328e+06
-4.423990704761905596e+06
-4.424029911111110821e+06
-4.423960981618382037e+06
-4.424002053968253545e+06
-4.424006276190476492e+06
-4.423974867982017808e+06
-4.424004419047619216e+06
-4.423965911111110821e+06
-4.624055264285715297e+06
-4.423900505627705716e+06
-4.423875930952380411e+06
-4.424005370085469447e+06
-4.423993764285715297e+06
-4.624067104761905037e+06
-4.424002121428571641e+06
-4.424043270879120566e+06
-4.423998148684648797e+06
-4.424027754761904478e+06
-4.423994942857142538e+06
-2.016302923340548761e+06
-4.623941838888889179e+06
-4.424007776190476492e+06
-7.523995142857143655e+06
-4.624087799999999814e+06
-4.423852175624376163e+06
-4.423800316666667350e+06
-4.295747780375180766e+06
-4.623932947302697226e+06
-4.296014390476190485e+06
-4.296004922222221270e+06
-4.624003102380951867e+06
-4.295998164285713807e+06
-4.623920518037518486e+06
-4.296061866666666232e+06
-4.295960830952380784e+06
-4.295977033333333209e+06
-4.296036112121211365e+06
-4.353301799603174441e+06
-4.353335777777777985e+06
-4.353301518518518656e+06
-4.353315777777777053e+06
-1.531543124603174627e+06
-1.531543486796536716e+06
1.869786310846930742e+07
-5.103061160047682934e+05
-1.511967118386243470e+06
1.094012403023365326e+07
-2.449606554806304630e+06
-6.269958257034632377e+06
-3.686481848063973244e+06
-5.365590121830550954e+06
-2.719864455357143190e+06
-6.436628898809523322e+06
-1.625994308670033701e+07
-6.259895305555555969e+06
-3.158365671768707689e+06
-6.269934890873015858e+06
-6.269907922979798168e+06
-6.259944555555555969e+06
-4.689914635125291534e+06
-3.686413683760683518e+06
-1.218115995418470353e+07
-3.686452203703703359e+06
-6.259887980158730410e+06
-6.259888998677249067e+06
-3.686504273809523787e+06
-3.686444263888888527e+06
-2.719885253968253732e+06
-4.019886886904761661e+06
-6.269962539432790130e+06
-6.259876521825396456e+06
-6.593214148809523322e+06
-3.686378777972027659e+06
-4.063263203783870675e+06
-6.426612426587301306e+06
-2.762187087121211924e+06
-9.105093643856145209e+05
-3.686390156565656886e+06
-3.686388238095238339e+06
-1.785215479557479732e+06
-3.952071024090107996e+06
-6.426549248737373389e+06
-1.642661296560846455e+07
-3.686494680555555504e+06
-3.686495671717172023e+06
-3.158367935477220919e+06
-3.686348157287157606e+06
-6.259954049242424779e+06
-3.945362193460860290e+06
-6.269935717592592351e+06
-3.686193826719576959e+06
-6.259908263888888061e+06
-3.686415206349206623e+06
-6.259965310185185634e+06
-1.896580563171396265e+06
-6.269954438852814026e+06
-3.444161438977688551e+06
-3.853180817460317165e+06
-3.686378277777777985e+06
-3.686408856481481344e+06
-2.950822851133714896e+06
-6.269904652777778916e+06
-3.686377039141414221e+06
-3.853068236111110542e+06
-3.686477435185185168e+06
-6.426546718253969215e+06
-3.686480842772967648e+06
-6.259960136904762127e+06
-3.853175278980279341e+06
-6.269891781746030785e+06
-3.853153837301587220e+06
-3.686297263888889458e+06
-3.686488833994708955e+06
-4.019895828463203739e+06
-6.269950315476190299e+06
-3.686533501068376005e+06
-3.853211138227513526e+06
-3.686299755952380598e+06
-3.853205425925925840e+06
-1.896414201058201026e+06
-1.625995296428571641e+07
-6.259953313492063433e+06
-6.269955472222222947e+06
-3.686401861712361220e+06
-3.853216712301587686e+06
-3.302639890589569230e+06
-3.158389811965811998e+06
-4.679791218750000931e+06
-6.269939403619528748e+06
-4.056524901894402225e+06
-6.259961310846560635e+06
-3.686535156796906609e+06
-3.686253083333333489e+06
-3.686484313492063433e+06
-3.945462446649030782e+06
-6.269953344576720148e+06
-6.259889078643579036e+06
-3.686321313492063433e+06
-6.269939587361712009e+06
-4.186446694444444031e+06
-2.846126577401764691e+06
-3.159107313139241654e+06
-3.686547705808080733e+06
-2.719878458333333489e+06
-1.625989857744107582e+07
-3.853208769360269886e+06
-3.853039701178450603e+06
-4.019925880050505046e+06
-6.269954640572390519e+06
-6.436637825757575221e+06
-4.150937280864197295e+06
-6.426490138888888992e+06
-1.785530182058682200e+06
-6.259957946581196971e+06
-6.269907450396825559e+06
-2.969956741987179033e+06
-3.853197397893772926e+06
-3.686460918192917947e+06
-6.436632131313131191e+06
-1.625995030032467656e+07
-9.108192781662783818e+05
-6.259888605158730410e+06
-4.373165333333333023e+06
-3.686351458754209336e+06
-6.269953222222222947e+06
-3.853169114417989273e+06
-3.686445117003367748e+06
-6.259902547619047575e+06
-3.686297910714285448e+06
-3.686400569680319633e+06
-1.903192734567901352e+06
-4.186633569444444031e+06
-6.269953417027416639e+06
-1.785137267716851085e+06
-3.686508375841751229e+06
-1.626992279076479189e+07
-3.686429966269841418e+06
-3.686517519841270056e+06
-3.158115894732252229e+06
-6.259953473845598288e+06
-6.269950745370370336e+06
-3.686495621415621135e+06
-3.686446341168091167e+06
-6.259886492063491605e+06
-1.642662559060846455e+07
-3.686485351851852145e+06
-3.686459305555555504e+06
-3.853151842592592817e+06
-6.436572916666666977e+06
-4.667326491612553596e+06
-3.686342623015873134e+06
-6.269919111111111939e+06
-2.934648194444444496e+06
-3.686528439033189323e+06
-3.853188871212121099e+06
-6.259887762205387466e+06
-6.259885996031746268e+06
-6.269967730639730580e+06
-3.686482822751322761e+06
-1.659376090404040413e+06
-3.159554624399410095e+06
-3.686483685185185168e+06
-3.686294785714285448e+06
-3.686473810966810677e+06
-3.686468814814814832e+06
-6.269931345959596336e+06
-6.426609804232803173e+06
-6.269969067159692757e+06
-6.259881958333333023e+06
-3.686280916666666511e+06
-6.269895208333333023e+06
-6.259962626984126866e+06
-6.259888337301586755e+06
-6.259889154100528918e+06
-3.686388981481481344e+06
-1.625989083333333395e+07
-6.259887394841269590e+06
-2.007775172558922786e+06
-3.686485537578163203e+06
-6.269960535409036092e+06
-3.686509712121212389e+06
-3.686333099326599389e+06
-6.269954402777777053e+06
-3.686366002525252756e+06
-4.186611049603174906e+06
-6.259957033577534370e+06
-3.686388630952380598e+06
-3.686497363636363763e+06
-2.382656846841430292e+06
-4.019892759310133755e+06
-6.259889193181817420e+06
-3.158381184720041696e+06
-6.269916319444444031e+06
-3.853195954545454588e+06
-4.814908004464285448e+06
-3.853052827982203569e+06
-3.686282750712250825e+06
-6.426628515211640857e+06
-3.686420267255891580e+06
-3.853167641354016494e+06
-6.426632430555555038e+06
-3.686504093434343580e+06
-3.686483114057239145e+06
-4.150955866334283724e+06
-3.686522390748140868e+06
-3.686480843073592987e+06
-6.259956087810337543e+06
-3.686410914733415004e+06
-6.269956787393162958e+06
-6.603295763888888992e+06
-6.269938575757577084e+06
-3.853045269300144166e+06
-3.686482691919192206e+06
-3.853207484006734565e+06
-1.890767337822671048e+06
-3.853133347222222481e+06
-3.686497843434343114e+06
-6.269952795634920709e+06
-4.019919083333333489e+06
-6.259905643518518656e+06
-3.686466696969697252e+06
-6.259892452020202763e+06
-6.593211731481481344e+06
-4.186616709859584924e+06
-6.259959250000000000e+06
-2.726651260496447328e+06
-3.686377468253968284e+06
-3.686479012566137593e+06
-3.159887879509379156e+06
-6.426612231481481344e+06
-2.719688484210234135e+06
-6.259971381974507123e+06
-3.686435925925925374e+06
-3.853139658730159048e+06
-3.686501472883598413e+06
-3.686426294973544776e+06
-3.686386543123543262e+06
-4.019883327380951960e+06
-3.686397324555074796e+06
-3.302427513811585028e+06
-3.686397273148147855e+06
-1.785391446007695980e+06
-2.719867845734126866e+06
-6.259956202741702087e+06
-6.593240460978836752e+06
-6.259882262566137128e+06
-3.853212161796536762e+06
-6.426551406746030785e+06
-6.426637538359788246e+06
-3.686425642450142652e+06
-3.686197718915343750e+06
-2.719856040494228248e+06
-6.426552879629630595e+06
-3.686532663105413318e+06
-6.259932706682207994e+06
-3.686669226851852145e+06
-6.259894861531986855e+06
-4.019908932539682370e+06
-6.426627175925926305e+06
-6.426618634259258397e+06
-6.259951595238096081e+06
-6.269950236111111008e+06
-6.259889606481481344e+06
-6.259895861111111008e+06
-3.686417595298220869e+06
-1.496276461760461563e+06
-3.686467527777777519e+06
-3.686417715608465951e+06
-3.686508702922077850e+06
-6.269976060185185634e+06
-6.426610723544973880e+06
-3.686192861111111473e+06
-6.269952742424242198e+06
-3.686372720117845107e+06
-1.785340987493987428e+06
-3.686441902777777519e+06
-3.686519710317460354e+06
-3.686505356379731093e+06
-3.853196154304029420e+06
-3.686315740319865290e+06
-3.686336928571428638e+06
-6.259906970899471082e+06
-3.853188916666666511e+06
-3.686188274470899254e+06
-1.625990843253968097e+07
-4.172087712361712474e+06
-3.853074037698412780e+06
-1.785512490740740905e+06
-3.686536272126022261e+06
-3.853440933275058400e+06
-3.686667095571095590e+06
-3.686508625661375467e+06
-3.686524217171716969e+06
-3.853268458333333489e+06
-3.853201472222222015e+06
-3.686383864898989443e+06
-3.686355328282827977e+06
-6.593286694444444031e+06
-3.444167214285714086e+06
-6.269951638227513991e+06
-6.436573363095237873e+06
-6.436618555916305631e+06
-4.681154544823232107e+06
-6.269954977272727527e+06
-3.686502686507936567e+06
-3.686438467352092266e+06
-3.686472018518518656e+06
-3.952112682940516155e+06
-3.686516495791245718e+06
-3.853214056397306267e+06
-3.686482605639731046e+06
-3.853182399470899254e+06
-4.019936555555555504e+06
-4.186617861111110542e+06
-6.269952382275133394e+06
-4.019907027777777519e+06
-3.853198449735450093e+06
-3.853177250420875382e+06
-3.853233575396825094e+06
-6.259886874338624068e+06
-3.686511108465608209e+06
-3.686346317460317630e+06
-6.259886802910053171e+06
-6.269908035714286380e+06
-3.853044027777777985e+06
-6.269955814814814366e+06
-6.269954670634920709e+06
-3.686489009259258863e+06
-3.945461382154881954e+06
-3.686409706876456738e+06
-4.692386041666666977e+06
-6.436618790404040366e+06
-3.686503692340067122e+06
-4.019932807539682835e+06
-6.269958328703704290e+06
-6.269989000000000000e+06
-2.719901015338828322e+06
-3.853184087962962687e+06
-3.686506187701187562e+06
-3.686490273268398363e+06
-6.426612694444444962e+06
-3.853178830808080733e+06
-6.269959741452991031e+06
-6.593227555555555969e+06
-3.853054166666666511e+06
-3.686492865791615564e+06
-3.686366611111111473e+06
-9.163634815210043453e+05
-3.853218982323231641e+06
-7.833988565244281199e+05
-6.269956313492063433e+06
-3.853023155982905999e+06
-6.259953033702407964e+06
-6.269968222883597016e+06
-6.259901865884116851e+06
-3.853195486772486940e+06
-4.019820046296296641e+06
-3.853200921717172023e+06
-3.686455328703703824e+06
-2.007771510582010727e+06
-4.186617398148148786e+06
-3.686425916847042274e+06
-2.762238623817155603e+06
-3.686503773351648822e+06
-3.853217437590187881e+06
-6.259954611111111008e+06
-3.853063805555555969e+06
-6.269951753968253732e+06
-3.686385896825396921e+06
-2.720947989583333954e+06
-2.762196175189393573e+06
-6.259925537037036382e+06
-4.186470111111111473e+06
-3.686527667508417740e+06
-3.686286476851852145e+06
-6.593312305555555969e+06
-6.269953083333333023e+06
-6.269907291666666977e+06
-6.259961777777778916e+06
-3.853198379171753768e+06
-3.686528161569911521e+06
-6.426586333333333023e+06
-3.853212090909090359e+06
-3.686507693722943310e+06
-6.436560773809525184e+06
-6.428286861111111939e+06
-1.642658370171957649e+07
-3.853182525733526330e+06
-6.269948083333333023e+06
-3.686391187830687966e+06
-3.853195833749584388e+06
-3.853067980158729944e+06
-6.259932754449254833e+06
-1.625995320538720675e+07
-3.686381726851852145e+06
-6.269961406926407479e+06
-3.686494118386243004e+06
-5.365611909550766461e+06
-3.385415632034631446e+06
-3.686488874278498814e+06
-3.686498936507936567e+06
-6.259962731601730920e+06
-3.686402403439152986e+06
-3.853202624098123983e+06
-3.686498371031746268e+06
-4.019788242063492537e+06
-3.853030072751322761e+06
-3.686551478655603249e+06
-3.686578798941798508e+06
-3.686440762885262724e+06
-6.426542501984126866e+06
-3.853212190476190299e+06
-6.353259139009139501e+06
-3.852961696428571362e+06
-3.686479382936507929e+06
-6.426614905483406037e+06
-4.019925044788544532e+06
-3.853213750888000708e+06
-4.019897926587300841e+06
-6.269953046957672574e+06
-6.259886842592593282e+06
-4.688658605970418081e+06
-6.259884626984126866e+06
-6.426552755291004665e+06
-2.844659193948412314e+06
-3.686410768518518656e+06
-3.686481596634846181e+06
-3.686372744422244374e+06
-6.259960081349205226e+06
-6.259882722222222947e+06
-3.686483010582010727e+06
-3.686475481481481344e+06
-6.269952855158730410e+06
-3.686453959942834452e+06
-3.626853322222222574e+06
-2.887279393658425193e+06
-3.853190373015873134e+06
-3.853218497890998144e+06
-1.642660932509157620e+07
-1.903099724306557793e+06
-5.372774303030302748e+06
-3.686521833333333489e+06
-3.853192664682539646e+06
-3.853211818070818204e+06
-6.259897143310393207e+06
-6.436629900793652050e+06
-3.686517026334776077e+06
-3.853185144841270056e+06
-4.019916410173160490e+06
-3.686535483030857984e+06
-3.853211591269841418e+06
-3.686373180375180673e+06
-6.593296729497354478e+06
-1.625990943392255902e+07
-3.853170539682539646e+06
-4.019968047619047109e+06
-3.686331628325378522e+06
-4.019902502645502333e+06
-6.593218841269842349e+06
-4.019736837301587220e+06
-6.259962187169312499e+06
-3.686548361111111473e+06
-3.686567351010100916e+06
-1.625996253679653443e+07
-2.727001786349067464e+06
-3.686386463263588026e+06
-3.853207103378103580e+06
-3.158379193877551239e+06
-2.007761614638448227e+06
-6.426626878306879662e+06
-3.686380283549783286e+06
-6.269966248575498350e+06
-3.686422098665223923e+06
-3.853152654761904851e+06
-1.405310630230880342e+06
-3.686346640873016324e+06
-6.593313281084655784e+06
-4.019909951719576959e+06
-3.686503949134198949e+06
-1.625996030143005215e+07
-3.686519811688311398e+06
-6.259889810966811143e+06
-3.686335542087542359e+06
-6.259887672619047575e+06
-6.426569833333333023e+06
-3.686452999093499035e+06
-3.686382871031746268e+06
-6.269952666666666977e+06
-1.896600917708834400e+06
-3.686497464947089553e+06
-6.593193814814814366e+06
-3.853077454415954649e+06
-6.426545937830687501e+06
-3.686489494047619402e+06
-2.719875405257936567e+06
-6.593290341686091386e+06
-3.686532092592592817e+06
-6.269981936868686229e+06
-3.686544810185185168e+06
-6.436587761904762127e+06
-6.426610194444444031e+06
-3.686488925468049943e+06
-1.643663775330687873e+07
-6.269906547619047575e+06
-4.679873888392857276e+06
-4.150948527777777985e+06
-3.686447884157509077e+06
-3.853052199074074160e+06
-6.259953354797980748e+06
-6.269954694805194624e+06
-3.686468129629629198e+06
-6.259885777777777053e+06
-3.853193736111111473e+06
-3.853246707847707439e+06
-6.259901007575757802e+06
-4.186638079124579206e+06
-3.686721066378066782e+06
-3.686387565957190935e+06
-3.686518797040922102e+06
-6.259953017195767723e+06
-3.686510375277500600e+06
-6.259893208333333023e+06
-2.727194632936507463e+06
-3.853195837962963153e+06
-3.686472983225107659e+06
-5.372731693877550773e+06
-3.686492424145298544e+06
-6.426546718253969215e+06
-8.198513189689099090e+05
-3.686482156084656250e+06
-6.259904376984126866e+06
-6.436621370370370336e+06
-3.853229869251119439e+06
-1.626993041269841231e+07
-1.626993041269841231e+07
-6.259887947089947760e+06
-6.426629742063491605e+06
-3.686501889550264925e+06
-3.686304390091389883e+06
-6.269956001322750933e+06
-6.436638541666666977e+06
-6.269962021011396311e+06
-3.686494692460317165e+06
-3.686389432539682370e+06
-4.186636334175084252e+06
-3.686524166245791595e+06
-3.158118594104308635e+06
-4.372071593153759837e+06
-3.686349514989640098e+06
-4.019938223063973244e+06
-5.364159673160172999e+06
-3.853212545454545412e+06
-1.626989282870370336e+07
-3.686367980820105877e+06
-3.853187287698412780e+06
-3.853180399831650313e+06
-3.853193324615199585e+06
-2.720833693948412314e+06
-6.436648435846560635e+06
-1.626996622979798168e+07
-3.159772638341817074e+06
-6.269908564814814366e+06
-3.852996203703703359e+06
-3.686499355362230912e+06
-3.853197345057720318e+06
-3.686424243386243004e+06
-1.972703841380841332e+06
-3.853212629990379792e+06
-3.853205263888889458e+06
-4.019906330206830055e+06
-3.686528024614274502e+06
-4.812392041666666977e+06
-6.259938873015873134e+06
-3.853193763888888527e+06
-6.259892794312168844e+06
-3.686432682539682370e+06
-6.269957189814814366e+06
-1.643664719444444589e+07
-6.259898954545454122e+06
-6.593218043650793843e+06
-6.426545025132275186e+06
-3.626858898412698414e+06
-6.259958041065416299e+06
-6.259959621392495930e+06
-3.158367698979591485e+06
-3.686512293530543800e+06
-3.686507328847078606e+06
-4.186679166666666511e+06
-3.445526736291486304e+06
-4.019914714646464214e+06
-6.259965835470085032e+06
-3.686400888888888527e+06
-3.686514024651274085e+06
-2.719880026289682835e+06
-3.686447952380952891e+06
-4.019908345238095615e+06
-6.259903797619048506e+06
-6.259907761544011533e+06
-1.097990574839302106e+06
-6.259892103174603544e+06
-3.853166070286195260e+06
-3.686429265211639926e+06
-3.302439496392496396e+06
-1.902951132515632547e+06
-3.686505779942279682e+06
-3.686510331224331167e+06
-3.853220366161616053e+06
-3.686513978243978228e+06
-3.853193062349687796e+06
-5.365636848484848626e+06
-3.548822440295815468e+06
-3.686407770202020649e+06
-3.686476237193362322e+06
-6.353282658730157651e+06
-6.269895257936508395e+06
-4.186831689588189591e+06
-3.549878612121211831e+06
-3.686502977272727061e+06
-2.977088026660839096e+06
-3.686391011664262041e+06
-3.686392164141414221e+06
-1.072994079421196133e+07
-4.688658114898989908e+06
-6.426617584175083786e+06
-3.853220341588966548e+06
-3.686375521043771412e+06
-1.896640959121125750e+06
-6.426626651515151374e+06
-1.642656722685185261e+07
-1.642664691899766959e+07
-3.159494977633477654e+06
-3.686536625120250508e+06
-6.593292444444444031e+06
-3.686516573491323739e+06
-6.259960218434344046e+06
-6.436614694444444962e+06
-1.643662786111111194e+07
-3.159876673881673720e+06
-3.686495027777777985e+06
-4.019891261904761661e+06
-6.259893379629629664e+06
-3.686495468253968284e+06
-1.643662184457671829e+07
-6.593291432539682835e+06
-3.686496188492063433e+06
-3.686357851851852145e+06
-5.365650196636697277e+06
-3.686411358225108590e+06
-2.977221611607143190e+06
-3.686396101851852145e+06
-6.259952673280424438e+06
-3.853229113936988637e+06
-3.686504558150183409e+06
-2.171068122359963134e+06
-6.259980080387204885e+06
-3.853210240606615320e+06
-2.118877951092117932e+06
-3.853162248316498008e+06
-3.445534460781282280e+06
-3.686502389601139352e+06
-3.686401041666666511e+06
-3.686494409391534049e+06
-3.365232424603174906e+06
-3.102133737373737618e+06
-6.260007812169312499e+06
-3.686387555555555969e+06
-4.019940334175084252e+06
-3.853040597222222015e+06
-4.019795435185185168e+06
-6.269953686507936567e+06
-6.426622615079365671e+06
-3.853162355158729944e+06
-6.269898082010582089e+06
-3.686415815527066123e+06
-3.686521308677433524e+06
-3.853207116809116676e+06
-4.019806138888889458e+06
-5.372766645382395945e+06
-3.686405990740741137e+06
-3.686528611111111473e+06
-3.686486669312169310e+06
-6.426544277777778916e+06
-6.259894131613757461e+06
-3.686491366161616519e+06
-6.269910560185185634e+06
-6.259958555555555969e+06
-1.896630281986532034e+06
-3.853113197089947294e+06
-4.150945361111111008e+06
-6.269908773148148321e+06
-3.686528389730639290e+06
-6.269958698412698694e+06
-6.259909143518517725e+06
-4.019894872835497838e+06
-3.686401909932659939e+06
-3.158382236961450893e+06
-3.686493398809523787e+06
-6.353242407407406718e+06
-6.269951515873015858e+06
-3.686496020202020183e+06
-6.426616837301586755e+06
-2.719885782738095149e+06
-6.426562033730157651e+06
-1.405358382395382272e+06
-6.269954101851851679e+06
-6.259894882936507463e+06
-3.445517510101010092e+06
-3.686488642676768359e+06
-6.259957198412698694e+06
-3.686534132575757802e+06
-6.426614250000000000e+06
-3.686521574494949076e+06
-6.259957039682540111e+06
-3.686495302248677239e+06
-3.853212206349205691e+06
-3.853164766414141282e+06
-1.643662286868686788e+07
-3.853194124338624533e+06
-3.686531694370444398e+06
-6.426547775252524763e+06
-3.444136559523809701e+06
-3.853179527777777985e+06
-6.269948248677249067e+06
-3.853099031746031716e+06
-3.945419081890331581e+06
-2.719884607142857276e+06
-6.259888608465609141e+06
-6.259924980158730410e+06
-6.593287071428570896e+06
-6.269954227513227612e+06
-3.853212083333333489e+06
-3.853192822089947294e+06
-3.853139019841270056e+06
-3.686443610449735075e+06
-3.686480581228956115e+06
-6.436620765211638995e+06
-4.186598583333333489e+06
-1.626990889520202018e+07
-6.269907946428570896e+06
-6.593296833333333023e+06
-1.625995783964646421e+07
-4.019941717592592817e+06
-3.852987117424242198e+06
-6.426548889610390179e+06
-4.019875316798942164e+06
-6.259968474206347950e+06
-6.259953946428570896e+06
-3.853191287037036847e+06
-3.853082916666666511e+06
-3.853048695707071107e+06
-3.853199675084175076e+06
-4.019896861111111473e+06
-3.686577296296296176e+06
-4.804877972222222947e+06
-6.426578745370370336e+06
-6.259958583333333023e+06
-4.929875537698412314e+06
-3.159273426509997807e+06
-6.259894078703704290e+06
-3.853189296296296641e+06
-6.269955621031746268e+06
-3.686478277777777519e+06
-6.259958396224145778e+06
-6.269961476190474816e+06
-6.426578269179894589e+06
-3.686520587181337178e+06
-3.853217189680689480e+06
-3.159809515048443805e+06
-3.686523546231545974e+06
-6.269956315170940012e+06
-6.269954541666666977e+06
-3.853176141534391791e+06
-1.626996204700854607e+07
-3.686491025733525399e+06
-6.593236412037037313e+06
-4.186629314814814832e+06
-3.686524994528619573e+06
-6.269957402777777053e+06
-6.426629101851851679e+06
-3.853174921296296176e+06
-6.426619015475265682e+06
-6.259953671957671642e+06
-3.853168882936507929e+06
-4.150942063932980876e+06
-6.593286138888888992e+06
-1.642656542129629664e+07
-6.426613199494949542e+06
-5.372776535714285448e+06
-3.853069097222222481e+06
-3.686400840557590593e+06
-6.436618685185185634e+06
-3.853096400252525229e+06
-6.259911151515152305e+06
-3.686509773148148786e+06
-3.012140666666666511e+06
-6.426607367063492537e+06
-3.686514647061271593e+06
-7.847869879449255532e+05
-3.686348739621489774e+06
-6.269942552447552793e+06
-6.269959704064453952e+06
-3.686385396367521491e+06
-3.853049406565656420e+06
-6.269952878306877799e+06
-1.393563416414141469e+07
-6.519956174242424779e+06
-2.720979230519480072e+06
-3.686295810800310690e+06
-4.687399556089743972e+06
-4.019841392857143190e+06
-3.686509293650793377e+06
-3.853183573593073059e+06
