-3.478833200534818694e+06
-4.500723131680369377e+06
-2.325834246066025458e+06
-3.941949381070189178e+06
-2.941700112398732454e+06
-2.814472420066860970e+06
-3.519823552739441860e+06
-4.142881436092216522e+06
-4.182844724266629200e+06
-4.449352055356217548e+06
-4.174681787338641938e+06
-2.130753472332915757e+06
-3.311956842840734869e+06
-1.042816498219997738e+06
-3.178269628836989403e+06
-3.476781839233949315e+06
-3.399494946826361585e+06
1.462245297858948761e+05
-1.573906078800358810e+05
2.442994377258543973e+05
-2.081590400810608990e+05
3.677219674317692989e+05
1.633070140804045368e+05
-4.601501658383124159e+05
5.740505473167466698e+05
